0 0.218415 0.132986 0.067634 0.135417
0 0.041741 0.090972 0.010714 0.033333
0 0.226228 0.169097 0.022545 0.047917
0 0.245424 0.071181 0.016741 0.038194
0 0.025000 0.438194 0.010714 0.033333
0 0.207366 0.229167 0.016518 0.040278
0 0.430692 0.032292 0.017634 0.028472
0 0.259710 0.036458 0.016295 0.036806
0 0.269978 0.073611 0.011830 0.063889
0 0.258817 0.220833 0.017188 0.052778
0 0.210603 0.056597 0.011830 0.046528
0 0.222545 0.029861 0.012946 0.023611
0 0.270536 0.124306 0.018750 0.050000
0 0.240737 0.200694 0.014509 0.012500
0 0.006696 0.090972 0.007143 0.033333
0 0.234821 0.040972 0.006250 0.034722
0 0.299330 0.680556 0.010268 0.025000
0 0.024777 0.164236 0.009375 0.020139
0 0.434040 0.052083 0.006920 0.033333
0 0.558705 0.517361 0.007143 0.019444
0 0.008147 0.151736 0.008705 0.015972
0 0.222321 0.256944 0.010268 0.011111
0 0.257366 0.099653 0.008036 0.021528
0 0.246875 0.042014 0.007589 0.013194
0 0.211049 0.023264 0.010491 0.010417
0 0.201674 0.050347 0.003348 0.025694
0 0.431027 0.085417 0.005357 0.031944
0 0.226228 0.214931 0.004241 0.018750
0 0.219085 0.292361 0.006920 0.013889
0 0.271987 0.175000 0.003795 0.027778
0 0.314063 0.680556 0.008482 0.018056
0 0.561161 0.451389 0.004911 0.013889
0 0.232701 0.067014 0.007812 0.010417
0 0.430134 0.115972 0.007143 0.016667
0 0.536830 0.960417 0.004018 0.012500
0 0.534598 0.106250 0.004018 0.012500
0 0.558929 0.047222 0.004018 0.012500
0 0.408817 0.034028 0.006473 0.025000
0 0.202344 0.295486 0.004687 0.022917
0 0.252009 0.175347 0.004464 0.018750
0 0.262946 0.160764 0.004464 0.018750
0 0.213728 0.263542 0.004241 0.018750
0 0.528571 0.648958 0.004911 0.013194
0 0.264286 0.280903 0.002679 0.022917
0 0.218527 0.313542 0.004464 0.025694
0 0.241183 0.049306 0.003795 0.018056
0 0.419754 0.088194 0.003348 0.025000
0 0.577902 0.697917 0.005357 0.012500
0 0.628795 0.025000 0.003571 0.008333
0 0.606473 0.025000 0.003571 0.008333
0 0.223661 0.203819 0.002679 0.015972
0 0.150893 0.045833 0.004911 0.009722
0 0.199442 0.022917 0.005134 0.009722
0 0.532031 0.046875 0.003348 0.010417
0 0.349554 0.961806 0.004018 0.012500
0 0.244196 0.184028 0.002232 0.018056
0 0.482143 0.062500 0.004464 0.034722
0 0.260045 0.303819 0.002232 0.015972
0 0.409933 0.074306 0.003348 0.022222
0 0.358817 0.961111 0.004241 0.015278
0 0.176786 0.051389 0.004018 0.013889
0 0.442188 0.050694 0.008482 0.013889
0 0.380246 0.954514 0.004241 0.014583
0 0.361272 0.954167 0.004241 0.015278
0 0.145089 0.349653 0.003571 0.014583
0 0.145089 0.305903 0.003571 0.014583
0 0.420871 0.059028 0.004241 0.019444
0 0.377232 0.960764 0.004018 0.014583
0 0.139732 0.046875 0.004911 0.014583
0 0.059933 0.988194 0.004687 0.009722
0 0.631362 0.738194 0.004687 0.009722
0 0.210379 0.301042 0.004687 0.007639
0 0.532031 0.078819 0.002902 0.031250
0 0.401674 0.051736 0.001563 0.018750
0 0.535603 0.033681 0.003348 0.010417
0 0.415625 0.055556 0.002679 0.016667
0 0.220201 0.223958 0.004241 0.007639
0 0.188058 0.129861 0.004687 0.005556
0 0.092969 0.981250 0.004241 0.006944
0 0.664397 0.731250 0.004241 0.006944
0 0.259263 0.075000 0.005580 0.006944
0 0.226116 0.326042 0.004018 0.006250
0 0.268973 0.266667 0.004464 0.008333
0 0.260714 0.088542 0.004018 0.007639
0 0.191406 0.212500 0.002455 0.015278
0 0.424888 0.055556 0.002902 0.013889
0 0.209933 0.076736 0.003348 0.006250
0 0.414844 0.147569 0.001563 0.017361
0 0.279241 0.183681 0.004911 0.007639
0 0.415960 0.032292 0.004241 0.007639
0 0.191295 0.023611 0.002232 0.008333
0 0.042299 0.028819 0.004241 0.010417
0 0.233594 0.135417 0.002009 0.008333
0 0.212500 0.317014 0.004018 0.004861
0 0.227455 0.286806 0.003571 0.006944
0 0.146987 0.046875 0.001563 0.011806
0 0.400781 0.023264 0.003348 0.004861
0 0.184821 0.297569 0.001786 0.009028
0 0.255915 0.133681 0.002455 0.006250
0 0.072991 0.990278 0.002232 0.009722
0 0.347545 0.950347 0.002232 0.010417
0 0.644420 0.740278 0.002232 0.009722
