0 0.285491 0.071181 0.057589 0.097917
0 0.264509 0.115625 0.023661 0.075694
0 0.446540 0.470833 0.022991 0.029167
0 0.041741 0.090972 0.010714 0.033333
0 0.025000 0.438194 0.010714 0.033333
0 0.257812 0.043056 0.018750 0.029167
0 0.234933 0.113194 0.031920 0.050000
0 0.286272 0.112847 0.015848 0.029861
0 0.303683 0.147917 0.015402 0.043056
0 0.230246 0.073958 0.014509 0.039583
0 0.278683 0.152083 0.016741 0.015278
0 0.006696 0.090972 0.007143 0.033333
0 0.253795 0.187153 0.009375 0.042361
0 0.244754 0.077431 0.011830 0.021528
0 0.238839 0.027778 0.015625 0.019444
0 0.292969 0.182986 0.014955 0.017361
0 0.024777 0.164236 0.009375 0.020139
0 0.301897 0.026389 0.016295 0.016667
0 0.558705 0.517361 0.007143 0.019444
0 0.008147 0.151736 0.008705 0.015972
0 0.291295 0.212153 0.013839 0.010417
0 0.516853 0.076736 0.012277 0.009028
0 0.502344 0.081597 0.007812 0.022917
0 0.255804 0.145139 0.004911 0.023611
0 0.242522 0.140625 0.004687 0.020139
0 0.416183 0.409028 0.009152 0.009722
0 0.232478 0.161458 0.003795 0.025694
0 0.271987 0.029861 0.008259 0.008333
0 0.536830 0.960417 0.004018 0.012500
0 0.534598 0.106250 0.004018 0.012500
0 0.558929 0.047222 0.004018 0.012500
0 0.528571 0.648958 0.004911 0.013194
0 0.305469 0.072569 0.009598 0.006250
0 0.295982 0.232292 0.004464 0.028472
0 0.577902 0.697917 0.005357 0.012500
0 0.628795 0.025000 0.003571 0.008333
0 0.606473 0.025000 0.003571 0.008333
0 0.150893 0.045833 0.004911 0.009722
0 0.482143 0.062847 0.004464 0.035417
0 0.532031 0.046875 0.003348 0.010417
0 0.349554 0.961806 0.004018 0.012500
0 0.290737 0.022917 0.004241 0.009722
0 0.287165 0.140625 0.002455 0.013194
0 0.262388 0.024653 0.004241 0.007639
0 0.358817 0.961111 0.004241 0.015278
0 0.380246 0.954514 0.004241 0.014583
0 0.361272 0.954167 0.004241 0.015278
0 0.145089 0.305903 0.003571 0.014583
0 0.145089 0.349653 0.003571 0.014583
0 0.377232 0.960764 0.004018 0.014583
0 0.522210 0.131944 0.006027 0.005556
0 0.264397 0.175347 0.002009 0.015972
0 0.139732 0.046875 0.004911 0.014583
0 0.252121 0.269097 0.002009 0.013194
0 0.309933 0.197917 0.003348 0.018056
0 0.059933 0.988194 0.004687 0.009722
0 0.631362 0.738194 0.004687 0.009722
0 0.222098 0.043056 0.002679 0.011111
0 0.532031 0.078819 0.002902 0.031250
0 0.256585 0.020833 0.005580 0.005556
0 0.535603 0.033681 0.003348 0.010417
0 0.522879 0.100347 0.002455 0.013194
0 0.092969 0.981250 0.004241 0.006944
0 0.664397 0.731250 0.004241 0.006944
0 0.498549 0.132986 0.002455 0.017361
0 0.244196 0.214931 0.005804 0.006250
0 0.211830 0.133681 0.001786 0.018750
0 0.319866 0.090278 0.003571 0.005556
0 0.291406 0.155556 0.004241 0.005556
0 0.239621 0.245486 0.004687 0.006250
0 0.479576 0.060417 0.003795 0.012500
0 0.042299 0.028819 0.004241 0.010417
0 0.273996 0.090278 0.002009 0.008333
0 0.426339 0.404861 0.003125 0.009722
0 0.503460 0.060069 0.005580 0.004861
0 0.267746 0.021528 0.002902 0.006944
0 0.146987 0.046875 0.001563 0.011806
0 0.316741 0.086111 0.001339 0.013889
0 0.249107 0.157292 0.001339 0.010417
0 0.072991 0.990278 0.002232 0.009722
0 0.347545 0.950347 0.002232 0.010417
0 0.644420 0.740278 0.002232 0.009722
