0 0.184487 0.129167 0.057813 0.126389
0 0.160603 0.199653 0.018080 0.084028
0 0.176228 0.037847 0.035491 0.039583
0 0.539844 0.476736 0.026116 0.029861
0 0.041741 0.090972 0.010714 0.033333
0 0.145424 0.060417 0.020759 0.062500
0 0.155357 0.113889 0.019643 0.036111
0 0.025000 0.438194 0.010714 0.033333
0 0.204576 0.219444 0.014509 0.054167
0 0.181138 0.234028 0.017634 0.019444
0 0.142969 0.194792 0.015848 0.036806
0 0.188616 0.185069 0.012054 0.036806
0 0.155915 0.290972 0.010491 0.048611
0 0.165960 0.067708 0.006027 0.042361
0 0.189621 0.059722 0.006920 0.047222
0 0.006696 0.090972 0.007143 0.033333
0 0.144531 0.162153 0.009152 0.025694
0 0.174554 0.180556 0.012054 0.018056
0 0.152567 0.084722 0.009598 0.015278
0 0.024777 0.164236 0.009375 0.020139
0 0.196875 0.262153 0.011161 0.020139
0 0.558705 0.517361 0.007143 0.019444
0 0.008147 0.151736 0.008705 0.015972
0 0.196094 0.300000 0.010045 0.015278
0 0.142411 0.240278 0.004911 0.026389
0 0.156696 0.239583 0.004911 0.030556
0 0.199107 0.041319 0.004464 0.029861
0 0.373326 0.439236 0.011384 0.010417
0 0.149219 0.331250 0.012277 0.018056
0 0.170201 0.094097 0.008259 0.009028
0 0.536830 0.960417 0.004018 0.012500
0 0.534598 0.106250 0.004018 0.012500
0 0.558929 0.047222 0.004018 0.012500
0 0.199777 0.322222 0.004018 0.033333
0 0.528571 0.648958 0.004911 0.013194
0 0.159933 0.090625 0.004241 0.009028
0 0.188616 0.218750 0.002679 0.015278
0 0.577902 0.697917 0.005357 0.012500
0 0.628795 0.025000 0.003571 0.008333
0 0.606473 0.025000 0.003571 0.008333
0 0.532031 0.046875 0.003348 0.010417
0 0.349554 0.961806 0.004018 0.012500
0 0.166518 0.270833 0.002232 0.019444
0 0.156696 0.390625 0.002232 0.015972
0 0.141295 0.108333 0.004911 0.006944
0 0.362835 0.085069 0.005134 0.009028
0 0.152567 0.020833 0.008259 0.005556
0 0.145201 0.305556 0.003795 0.015278
0 0.358817 0.961111 0.004241 0.015278
0 0.211942 0.274653 0.003795 0.020139
0 0.138839 0.153819 0.004911 0.007639
0 0.380246 0.954514 0.004241 0.014583
0 0.361272 0.954167 0.004241 0.015278
0 0.145089 0.349653 0.003571 0.014583
0 0.140179 0.136458 0.007143 0.007639
0 0.377232 0.960764 0.004018 0.014583
0 0.142857 0.371181 0.005357 0.009028
0 0.059933 0.988194 0.004687 0.009722
0 0.631362 0.738194 0.004687 0.009722
0 0.532031 0.078819 0.002902 0.031250
0 0.218304 0.146528 0.003571 0.006944
0 0.535603 0.033681 0.003348 0.010417
0 0.368638 0.054167 0.005580 0.006944
0 0.092969 0.981250 0.004241 0.006944
0 0.664397 0.731250 0.004241 0.006944
0 0.193304 0.234722 0.004018 0.006944
0 0.173884 0.164931 0.002232 0.009028
0 0.150223 0.257639 0.001339 0.012500
0 0.363281 0.054514 0.003348 0.007639
0 0.483036 0.055903 0.002679 0.021528
0 0.042299 0.028819 0.004241 0.010417
0 0.180022 0.214931 0.002902 0.006250
0 0.218527 0.023958 0.003125 0.011806
0 0.365290 0.023264 0.002902 0.010417
0 0.210491 0.063194 0.003125 0.008333
0 0.193304 0.038194 0.004018 0.005556
0 0.383705 0.021181 0.003571 0.006250
0 0.192857 0.077083 0.003125 0.005556
0 0.072991 0.990278 0.002232 0.009722
0 0.347545 0.950347 0.002232 0.010417
0 0.644420 0.740278 0.002232 0.009722
