0 0.041741 0.090972 0.010714 0.033333
0 0.025000 0.438194 0.010714 0.033333
0 0.499330 0.178819 0.007589 0.057639
0 0.500000 0.281944 0.007589 0.068056
0 0.484598 0.326042 0.010268 0.015972
0 0.505357 0.079861 0.010714 0.043056
0 0.006696 0.090972 0.007143 0.033333
0 0.507589 0.196528 0.008036 0.034722
0 0.024777 0.164236 0.009375 0.020139
0 0.558705 0.517361 0.007143 0.019444
0 0.008147 0.151736 0.008705 0.015972
0 0.212612 0.035417 0.014955 0.023611
0 0.493638 0.327431 0.006920 0.014583
0 0.510045 0.124653 0.004911 0.031250
0 0.508371 0.166319 0.006473 0.028472
0 0.221094 0.065278 0.010491 0.008333
0 0.463728 0.083681 0.009598 0.006250
0 0.502679 0.224306 0.004464 0.031944
0 0.536830 0.960417 0.004018 0.012500
0 0.534598 0.106250 0.004018 0.012500
0 0.558929 0.047222 0.004018 0.012500
0 0.507589 0.324653 0.004911 0.039583
0 0.528571 0.648958 0.004911 0.013194
0 0.223438 0.029861 0.003125 0.013889
0 0.577902 0.697917 0.005357 0.012500
0 0.503460 0.254167 0.002902 0.015278
0 0.510826 0.242014 0.003348 0.011806
0 0.286830 0.404167 0.006250 0.005556
0 0.628795 0.025000 0.003571 0.008333
0 0.606473 0.025000 0.003571 0.008333
0 0.502567 0.157986 0.003795 0.024306
0 0.150893 0.045833 0.004911 0.009722
0 0.532031 0.046875 0.003348 0.010417
0 0.349554 0.961806 0.004018 0.012500
0 0.499107 0.223958 0.003125 0.021528
0 0.211942 0.077431 0.003795 0.022917
0 0.358817 0.961111 0.004241 0.015278
0 0.380246 0.954514 0.004241 0.014583
0 0.494978 0.233333 0.002902 0.022222
0 0.361272 0.954167 0.004241 0.015278
0 0.496652 0.282639 0.002679 0.022222
0 0.145089 0.349653 0.003571 0.014583
0 0.145089 0.305903 0.003571 0.014583
0 0.513281 0.085069 0.003795 0.018750
0 0.215290 0.049306 0.004241 0.012500
0 0.377232 0.960764 0.004018 0.014583
0 0.139732 0.046875 0.004911 0.014583
0 0.059933 0.988194 0.004687 0.009722
0 0.631362 0.738194 0.004687 0.009722
0 0.503237 0.111458 0.002455 0.013194
0 0.532031 0.078819 0.002902 0.031250
0 0.535603 0.033681 0.003348 0.010417
0 0.482589 0.058681 0.003571 0.027083
0 0.092969 0.981250 0.004241 0.006944
0 0.664397 0.731250 0.004241 0.006944
0 0.492634 0.306597 0.001786 0.017361
0 0.508147 0.286111 0.002902 0.019444
0 0.042299 0.028819 0.004241 0.010417
0 0.146987 0.046875 0.001563 0.011806
0 0.294643 0.393750 0.001786 0.011111
0 0.495982 0.201389 0.002679 0.018056
0 0.072991 0.990278 0.002232 0.009722
0 0.347545 0.950347 0.002232 0.010417
0 0.644420 0.740278 0.002232 0.009722
