0 0.233036 0.062153 0.031250 0.088194
0 0.041741 0.090972 0.010714 0.033333
0 0.225223 0.116667 0.019643 0.072222
0 0.025000 0.438194 0.010714 0.033333
0 0.219866 0.038889 0.015179 0.038889
0 0.237946 0.130903 0.020982 0.040972
0 0.205469 0.126389 0.018973 0.056944
0 0.006696 0.090972 0.007143 0.033333
0 0.201786 0.087153 0.008929 0.042361
0 0.206585 0.032292 0.009598 0.028472
0 0.550223 0.231944 0.008036 0.012500
0 0.024777 0.164236 0.009375 0.020139
0 0.558705 0.517361 0.007143 0.019444
0 0.008147 0.151736 0.008705 0.015972
0 0.558482 0.233681 0.006696 0.011806
0 0.217857 0.195139 0.005804 0.041667
0 0.210491 0.085069 0.006696 0.021528
0 0.536830 0.960417 0.004018 0.012500
0 0.534598 0.106250 0.004018 0.012500
0 0.558929 0.047222 0.004018 0.012500
0 0.528571 0.648958 0.004911 0.013194
0 0.562612 0.777431 0.002009 0.025694
0 0.577902 0.697917 0.005357 0.012500
0 0.628795 0.025000 0.003571 0.008333
0 0.606473 0.025000 0.003571 0.008333
0 0.150893 0.045833 0.004911 0.009722
0 0.532031 0.046875 0.003348 0.010417
0 0.210491 0.151389 0.002679 0.022222
0 0.349554 0.961806 0.004018 0.012500
0 0.482143 0.062500 0.004464 0.034722
0 0.204911 0.178472 0.002232 0.026389
0 0.218304 0.151736 0.002679 0.024306
0 0.358817 0.961111 0.004241 0.015278
0 0.380246 0.954514 0.004241 0.014583
0 0.361272 0.954167 0.004241 0.015278
0 0.237388 0.097569 0.002009 0.018750
0 0.377232 0.960764 0.004018 0.014583
0 0.145089 0.349653 0.003571 0.014583
0 0.145089 0.305903 0.003571 0.014583
0 0.139732 0.046875 0.004911 0.014583
0 0.059933 0.988194 0.004687 0.009722
0 0.631362 0.738194 0.004687 0.009722
0 0.214621 0.227083 0.006473 0.012500
0 0.532031 0.078819 0.002902 0.031250
0 0.231138 0.127083 0.002455 0.011111
0 0.535603 0.033681 0.003348 0.010417
0 0.092969 0.981250 0.004241 0.006944
0 0.664397 0.731250 0.004241 0.006944
0 0.042299 0.028819 0.004241 0.010417
0 0.251116 0.069444 0.002679 0.008333
0 0.146987 0.046875 0.001563 0.011806
0 0.072991 0.990278 0.002232 0.009722
0 0.347545 0.950347 0.002232 0.010417
0 0.644420 0.740278 0.002232 0.009722
