0 0.155246 0.117361 0.040402 0.108333
0 0.041741 0.090972 0.010714 0.033333
0 0.025000 0.438194 0.010714 0.033333
0 0.477679 0.391319 0.022768 0.022917
0 0.168080 0.196181 0.013839 0.052083
0 0.152567 0.163194 0.011384 0.034722
0 0.145759 0.209722 0.016964 0.018056
0 0.006696 0.090972 0.007143 0.033333
0 0.024777 0.164236 0.009375 0.020139
0 0.140737 0.039931 0.011384 0.028472
0 0.558705 0.517361 0.007143 0.019444
0 0.008147 0.151736 0.008705 0.015972
0 0.140067 0.159028 0.010045 0.016667
0 0.160603 0.273611 0.009598 0.015278
0 0.151339 0.038542 0.005804 0.024306
0 0.161272 0.028819 0.004241 0.021528
0 0.328571 0.054167 0.010268 0.006944
0 0.159040 0.239931 0.006027 0.013194
0 0.536830 0.960417 0.004018 0.012500
0 0.534598 0.106250 0.004018 0.012500
0 0.558929 0.047222 0.004018 0.012500
0 0.528571 0.648958 0.004911 0.013194
0 0.317746 0.061806 0.004241 0.022222
0 0.138170 0.021528 0.006250 0.006944
0 0.165402 0.056944 0.008929 0.012500
0 0.164062 0.297917 0.003571 0.026389
0 0.151451 0.060069 0.004241 0.013194
0 0.577902 0.697917 0.005357 0.012500
0 0.628795 0.025000 0.003571 0.008333
0 0.606473 0.025000 0.003571 0.008333
0 0.152679 0.195833 0.002679 0.015278
0 0.532031 0.046875 0.003348 0.010417
0 0.164509 0.237500 0.003125 0.019444
0 0.482143 0.062153 0.004464 0.034028
0 0.349554 0.961806 0.004018 0.012500
0 0.358817 0.961111 0.004241 0.015278
0 0.336496 0.022222 0.004687 0.008333
0 0.380246 0.954514 0.004241 0.014583
0 0.361272 0.954167 0.004241 0.015278
0 0.145089 0.305903 0.003571 0.014583
0 0.145089 0.349653 0.003571 0.014583
0 0.377232 0.960764 0.004018 0.014583
0 0.177232 0.118056 0.001786 0.025000
0 0.175223 0.249306 0.003125 0.019444
0 0.059933 0.988194 0.004687 0.009722
0 0.631362 0.738194 0.004687 0.009722
0 0.532031 0.078819 0.002902 0.031250
0 0.535603 0.033681 0.003348 0.010417
0 0.092969 0.981250 0.004241 0.006944
0 0.664397 0.731250 0.004241 0.006944
0 0.144643 0.191667 0.003571 0.006944
0 0.180469 0.126736 0.003348 0.007639
0 0.138281 0.144097 0.002009 0.009028
0 0.042299 0.028819 0.004241 0.010417
0 0.146987 0.046875 0.001563 0.011806
0 0.072991 0.990278 0.002232 0.009722
0 0.347545 0.950347 0.002232 0.010417
0 0.644420 0.740278 0.002232 0.009722
0 0.155804 0.022917 0.004018 0.005556
