0 0.388170 0.104514 0.052232 0.107639
0 0.260937 0.534722 0.028125 0.034722
0 0.365513 0.106944 0.047545 0.052778
0 0.407366 0.040972 0.021429 0.045833
0 0.041741 0.090972 0.010714 0.033333
0 0.025000 0.438194 0.010714 0.033333
0 0.379799 0.120139 0.017634 0.031944
0 0.144643 0.063889 0.019196 0.045833
0 0.438058 0.068750 0.016741 0.056944
0 0.361607 0.159028 0.016071 0.043056
0 0.436496 0.120486 0.024777 0.043750
0 0.418192 0.197569 0.018973 0.052083
0 0.426228 0.029514 0.019866 0.022917
0 0.006696 0.090972 0.007143 0.033333
0 0.142187 0.107639 0.008482 0.025000
0 0.390848 0.159028 0.012946 0.009722
0 0.024777 0.164236 0.009375 0.020139
0 0.420759 0.082292 0.009375 0.021528
0 0.558705 0.517361 0.007143 0.019444
0 0.008147 0.151736 0.008705 0.015972
0 0.410603 0.023264 0.009152 0.010417
0 0.435491 0.166667 0.004911 0.027778
0 0.375670 0.194444 0.010714 0.013889
0 0.237388 0.498264 0.010045 0.010417
0 0.139844 0.046875 0.009598 0.014583
0 0.425112 0.144792 0.005134 0.020139
0 0.355022 0.023264 0.014509 0.010417
0 0.354353 0.058681 0.009598 0.015972
0 0.422433 0.260069 0.003348 0.021528
0 0.381027 0.161111 0.004464 0.015278
0 0.411384 0.150694 0.005357 0.023611
0 0.371094 0.221875 0.006920 0.009028
0 0.536830 0.960417 0.004018 0.012500
0 0.534598 0.106250 0.004018 0.012500
0 0.558929 0.047222 0.004018 0.012500
0 0.528571 0.648958 0.004911 0.013194
0 0.146987 0.165625 0.004241 0.025694
0 0.577902 0.697917 0.005357 0.012500
0 0.628795 0.025000 0.003571 0.008333
0 0.606473 0.025000 0.003571 0.008333
0 0.369754 0.240625 0.004241 0.022917
0 0.355022 0.210069 0.004241 0.017361
0 0.415960 0.276389 0.002455 0.015278
0 0.532031 0.046875 0.003348 0.010417
0 0.366741 0.192361 0.004018 0.016667
0 0.482143 0.062847 0.004464 0.035417
0 0.349554 0.961806 0.004018 0.012500
0 0.445201 0.187153 0.006473 0.018750
0 0.378795 0.149653 0.002679 0.013194
0 0.358817 0.961111 0.004241 0.015278
0 0.142299 0.024306 0.004241 0.012500
0 0.380246 0.954514 0.004241 0.014583
0 0.361272 0.954167 0.004241 0.015278
0 0.145089 0.349653 0.003571 0.014583
0 0.145089 0.305903 0.003571 0.014583
0 0.428348 0.251042 0.005804 0.006250
0 0.386607 0.142708 0.003571 0.009028
0 0.422210 0.037500 0.004687 0.005556
0 0.377232 0.960764 0.004018 0.014583
0 0.150112 0.091667 0.002455 0.015278
0 0.059933 0.988194 0.004687 0.009722
0 0.631362 0.738194 0.004687 0.009722
0 0.402790 0.181597 0.002009 0.013194
0 0.424219 0.060764 0.006920 0.006250
0 0.532031 0.078819 0.002902 0.031250
0 0.425781 0.074306 0.004241 0.006944
0 0.379799 0.226042 0.005134 0.004861
0 0.535603 0.033681 0.003348 0.010417
0 0.375335 0.023264 0.002009 0.010417
0 0.092969 0.981250 0.004241 0.006944
0 0.664397 0.731250 0.004241 0.006944
0 0.361942 0.221875 0.004687 0.004861
0 0.440179 0.039583 0.006250 0.004167
0 0.374665 0.164931 0.004241 0.006250
0 0.346763 0.061458 0.004241 0.004861
0 0.377232 0.258681 0.004018 0.004861
0 0.417746 0.113194 0.003348 0.005556
0 0.404576 0.196528 0.002902 0.008333
0 0.042299 0.028819 0.004241 0.010417
0 0.392076 0.097222 0.002009 0.008333
0 0.346875 0.131597 0.001786 0.013194
0 0.418304 0.163542 0.001339 0.010417
0 0.072991 0.990278 0.002232 0.009722
0 0.347545 0.950347 0.002232 0.010417
0 0.644420 0.740278 0.002232 0.009722
