0 0.401897 0.085417 0.073438 0.134722
0 0.152455 0.055903 0.034821 0.075694
0 0.345201 0.528472 0.025223 0.033333
0 0.041741 0.090972 0.010714 0.033333
0 0.025000 0.438194 0.010714 0.033333
0 0.433036 0.043403 0.019643 0.031250
0 0.404018 0.115625 0.018304 0.032639
0 0.462946 0.062847 0.016518 0.056250
0 0.384933 0.154861 0.016295 0.041667
0 0.460826 0.113542 0.024330 0.043750
0 0.438951 0.190278 0.012723 0.051389
0 0.006696 0.090972 0.007143 0.033333
0 0.156138 0.113194 0.010491 0.025000
0 0.446540 0.076389 0.011830 0.022222
0 0.414732 0.153819 0.013393 0.009028
0 0.024777 0.164236 0.009375 0.020139
0 0.558705 0.517361 0.007143 0.019444
0 0.008147 0.151736 0.008705 0.015972
0 0.455357 0.026736 0.010714 0.017361
0 0.379464 0.023264 0.015625 0.010417
0 0.459710 0.159028 0.004687 0.026389
0 0.140402 0.111458 0.010714 0.007639
0 0.399330 0.189583 0.010714 0.013889
0 0.449219 0.138542 0.004687 0.020139
0 0.435491 0.144097 0.005357 0.022917
0 0.404799 0.156250 0.004687 0.015278
0 0.142076 0.077431 0.004241 0.017361
0 0.418192 0.031597 0.008705 0.007639
0 0.445982 0.252083 0.003571 0.020833
0 0.394531 0.217014 0.007366 0.009028
0 0.373326 0.058681 0.010045 0.015972
0 0.536830 0.960417 0.004018 0.012500
0 0.534598 0.106250 0.004018 0.012500
0 0.558929 0.047222 0.004018 0.012500
0 0.528571 0.648958 0.004911 0.013194
0 0.161496 0.172569 0.004241 0.025694
0 0.377902 0.206250 0.004911 0.018056
0 0.392969 0.236806 0.004241 0.025000
0 0.410938 0.137153 0.004464 0.010417
0 0.577902 0.697917 0.005357 0.012500
0 0.439397 0.268403 0.002902 0.014583
0 0.628795 0.025000 0.003571 0.008333
0 0.606473 0.025000 0.003571 0.008333
0 0.390290 0.188194 0.004241 0.016667
0 0.428237 0.023611 0.004241 0.011111
0 0.482143 0.062847 0.004464 0.035417
0 0.532031 0.046875 0.003348 0.010417
0 0.349554 0.961806 0.004018 0.012500
0 0.402567 0.144792 0.002902 0.013194
0 0.469308 0.179861 0.006027 0.019444
0 0.358817 0.961111 0.004241 0.015278
0 0.434152 0.021181 0.006250 0.006250
0 0.145089 0.305903 0.003571 0.014583
0 0.380246 0.954514 0.004241 0.014583
0 0.361272 0.954167 0.004241 0.015278
0 0.145089 0.349653 0.003571 0.014583
0 0.452009 0.242708 0.005804 0.006250
0 0.165402 0.096875 0.002679 0.015972
0 0.446987 0.032639 0.004687 0.005556
0 0.377232 0.960764 0.004018 0.014583
0 0.059933 0.988194 0.004687 0.009722
0 0.631362 0.738194 0.004687 0.009722
0 0.426674 0.176736 0.002009 0.014583
0 0.532031 0.078819 0.002902 0.031250
0 0.448772 0.055903 0.006920 0.006250
0 0.535603 0.033681 0.003348 0.010417
0 0.092969 0.981250 0.004241 0.006944
0 0.664397 0.731250 0.004241 0.006944
0 0.422768 0.022222 0.003125 0.008333
0 0.385156 0.217014 0.004687 0.004861
0 0.448772 0.213542 0.005580 0.004861
0 0.442188 0.107639 0.004018 0.006944
0 0.398326 0.160069 0.004241 0.006250
0 0.428460 0.190278 0.002902 0.008333
0 0.400446 0.252778 0.004018 0.004167
0 0.042299 0.028819 0.004241 0.010417
0 0.403571 0.220486 0.003571 0.004861
0 0.416183 0.092708 0.002009 0.007639
0 0.136049 0.170139 0.002009 0.008333
0 0.479687 0.060417 0.003571 0.012500
0 0.370647 0.128819 0.002455 0.013194
0 0.072991 0.990278 0.002232 0.009722
0 0.347545 0.950347 0.002232 0.010417
0 0.644420 0.740278 0.002232 0.009722
