0 0.486830 0.178472 0.045982 0.154167
0 0.041741 0.090972 0.010714 0.033333
0 0.479353 0.211806 0.023438 0.059722
0 0.459040 0.050694 0.021205 0.065278
0 0.025000 0.438194 0.010714 0.033333
0 0.465067 0.169444 0.009152 0.055556
0 0.466629 0.104167 0.013170 0.041667
0 0.496652 0.285417 0.014286 0.041667
0 0.465067 0.244097 0.021205 0.018750
0 0.448103 0.150347 0.020313 0.045139
0 0.364509 0.699306 0.016518 0.019444
0 0.006696 0.090972 0.007143 0.033333
0 0.446763 0.110069 0.008705 0.052083
0 0.476339 0.070833 0.007143 0.037500
0 0.024777 0.164236 0.009375 0.020139
0 0.558705 0.517361 0.007143 0.019444
0 0.483036 0.349653 0.011607 0.020139
0 0.493862 0.098958 0.006920 0.038194
0 0.008147 0.151736 0.008705 0.015972
0 0.480915 0.259375 0.006473 0.029861
0 0.455804 0.128819 0.007589 0.028472
0 0.503460 0.084375 0.003348 0.036806
0 0.484152 0.312847 0.008929 0.013194
0 0.483147 0.062847 0.008259 0.035417
0 0.465513 0.071181 0.006027 0.014583
0 0.327455 0.023264 0.011607 0.010417
0 0.474107 0.029514 0.005804 0.022917
0 0.536830 0.960417 0.004018 0.012500
0 0.534598 0.106250 0.004018 0.012500
0 0.558929 0.047222 0.004018 0.012500
0 0.477009 0.100347 0.006250 0.013194
0 0.485826 0.377778 0.004687 0.033333
0 0.513839 0.231944 0.006250 0.016667
0 0.528571 0.648958 0.004911 0.013194
0 0.451451 0.196181 0.003795 0.020139
0 0.577902 0.697917 0.005357 0.012500
0 0.628795 0.025000 0.003571 0.008333
0 0.606473 0.025000 0.003571 0.008333
0 0.150893 0.045833 0.004911 0.009722
0 0.490848 0.321181 0.003571 0.017361
0 0.336272 0.107292 0.005580 0.029861
0 0.532031 0.046875 0.003348 0.010417
0 0.349554 0.961806 0.004018 0.012500
0 0.500112 0.359375 0.003348 0.022917
0 0.444420 0.208333 0.002232 0.026389
0 0.525112 0.093403 0.003795 0.018750
0 0.327009 0.090625 0.003571 0.020139
0 0.358817 0.961111 0.004241 0.015278
0 0.327455 0.115278 0.004464 0.012500
0 0.444866 0.073264 0.005804 0.013194
0 0.356920 0.679167 0.003125 0.012500
0 0.380246 0.954514 0.004241 0.014583
0 0.361272 0.954167 0.004241 0.015278
0 0.469866 0.085417 0.003125 0.008333
0 0.145089 0.305903 0.003571 0.014583
0 0.498103 0.071181 0.005580 0.013194
0 0.377232 0.960764 0.004018 0.014583
0 0.145089 0.349653 0.003571 0.014583
0 0.139732 0.046875 0.004911 0.014583
0 0.059933 0.988194 0.004687 0.009722
0 0.631362 0.738194 0.004687 0.009722
0 0.532031 0.078819 0.002902 0.031250
0 0.459152 0.221181 0.001786 0.017361
0 0.535603 0.033681 0.003348 0.010417
0 0.486049 0.277083 0.003795 0.009722
0 0.092969 0.981250 0.004241 0.006944
0 0.664397 0.731250 0.004241 0.006944
0 0.512835 0.212847 0.002009 0.017361
0 0.452455 0.351389 0.001339 0.015278
0 0.513393 0.127431 0.002679 0.007639
0 0.510268 0.271181 0.002679 0.015972
0 0.042299 0.028819 0.004241 0.010417
0 0.450223 0.283333 0.003571 0.006944
0 0.146987 0.046875 0.001563 0.011806
0 0.475558 0.175694 0.001563 0.009722
0 0.506920 0.410069 0.001339 0.011806
0 0.495982 0.115625 0.002679 0.006250
0 0.072991 0.990278 0.002232 0.009722
0 0.347545 0.950347 0.002232 0.010417
0 0.644420 0.740278 0.002232 0.009722
