0 0.450000 0.112847 0.056696 0.125694
0 0.423996 0.122569 0.013616 0.061806
0 0.041741 0.090972 0.010714 0.033333
0 0.444643 0.150000 0.023214 0.044444
0 0.025000 0.438194 0.010714 0.033333
0 0.144308 0.467361 0.018527 0.029167
0 0.424219 0.057639 0.017188 0.034722
0 0.223772 0.043056 0.020313 0.050000
0 0.402121 0.111111 0.026562 0.047222
0 0.464062 0.203819 0.016518 0.039583
0 0.409263 0.030208 0.016741 0.024306
0 0.399777 0.071528 0.010714 0.041667
0 0.430692 0.181250 0.014509 0.012500
0 0.006696 0.090972 0.007143 0.033333
0 0.243973 0.032639 0.016964 0.029167
0 0.414509 0.202778 0.009375 0.050000
0 0.457701 0.040278 0.007812 0.044444
0 0.219643 0.054514 0.008929 0.035417
0 0.024777 0.164236 0.009375 0.020139
0 0.411384 0.084028 0.009821 0.025000
0 0.449330 0.265278 0.013839 0.012500
0 0.238839 0.098611 0.011161 0.045833
0 0.558705 0.517361 0.007143 0.019444
0 0.008147 0.151736 0.008705 0.015972
0 0.450000 0.231944 0.011161 0.009722
0 0.434821 0.030903 0.005357 0.025694
0 0.468862 0.031944 0.004241 0.027778
0 0.481027 0.062847 0.006696 0.035417
0 0.446987 0.022222 0.012723 0.008333
0 0.422656 0.029514 0.007812 0.011806
0 0.421652 0.582292 0.006696 0.020139
0 0.435937 0.588194 0.010714 0.013889
0 0.223996 0.093750 0.006027 0.023611
0 0.444754 0.192014 0.004241 0.017361
0 0.469308 0.121528 0.010491 0.009722
0 0.225223 0.120833 0.007589 0.016667
0 0.418415 0.160417 0.004687 0.023611
0 0.437165 0.051389 0.007812 0.011111
0 0.453013 0.288542 0.005134 0.029861
0 0.536830 0.960417 0.004018 0.012500
0 0.534598 0.106250 0.004018 0.012500
0 0.558929 0.047222 0.004018 0.012500
0 0.407143 0.145486 0.004464 0.018750
0 0.483371 0.151389 0.006920 0.012500
0 0.528571 0.648958 0.004911 0.013194
0 0.249888 0.079167 0.008259 0.029167
0 0.428460 0.035764 0.003795 0.017361
0 0.398214 0.158333 0.002679 0.025000
0 0.235156 0.062847 0.004687 0.022917
0 0.147545 0.021528 0.008482 0.006944
0 0.577902 0.697917 0.005357 0.012500
0 0.457813 0.237500 0.004018 0.018056
0 0.628795 0.025000 0.003571 0.008333
0 0.606473 0.025000 0.003571 0.008333
0 0.426451 0.165972 0.002455 0.018056
0 0.150893 0.045833 0.004911 0.009722
0 0.447545 0.181597 0.002679 0.014583
0 0.532031 0.046875 0.003348 0.010417
0 0.349554 0.961806 0.004018 0.012500
0 0.469643 0.265972 0.004018 0.019444
0 0.208259 0.026736 0.004464 0.017361
0 0.358817 0.961111 0.004241 0.015278
0 0.380246 0.954514 0.004241 0.014583
0 0.361272 0.954167 0.004241 0.015278
0 0.145089 0.305903 0.003571 0.014583
0 0.241071 0.057639 0.003125 0.016667
0 0.377232 0.960764 0.004018 0.014583
0 0.145089 0.349653 0.003571 0.014583
0 0.139732 0.046875 0.004911 0.014583
0 0.059933 0.988194 0.004687 0.009722
0 0.631362 0.738194 0.004687 0.009722
0 0.532031 0.078819 0.002902 0.031250
0 0.451562 0.201042 0.004464 0.007639
0 0.535603 0.033681 0.003348 0.010417
0 0.411161 0.282292 0.001786 0.013194
0 0.092969 0.981250 0.004241 0.006944
0 0.664397 0.731250 0.004241 0.006944
0 0.479911 0.185764 0.002679 0.014583
0 0.042299 0.028819 0.004241 0.010417
0 0.436942 0.117361 0.002009 0.008333
0 0.399665 0.022222 0.002455 0.008333
0 0.406027 0.222569 0.004464 0.006250
0 0.481696 0.135069 0.001786 0.013194
0 0.410156 0.062500 0.005580 0.005556
0 0.463170 0.023611 0.004464 0.004167
0 0.478237 0.304861 0.001563 0.009722
0 0.460491 0.059028 0.003125 0.005556
0 0.146987 0.046875 0.001563 0.011806
0 0.401339 0.247917 0.003571 0.005556
0 0.492076 0.060417 0.002009 0.012500
0 0.072991 0.990278 0.002232 0.009722
0 0.347545 0.950347 0.002232 0.010417
0 0.644420 0.740278 0.002232 0.009722
