0 0.208705 0.140625 0.015179 0.097917
0 0.041741 0.090972 0.010714 0.033333
0 0.025000 0.438194 0.010714 0.033333
0 0.209375 0.187847 0.017411 0.085417
0 0.208036 0.048264 0.014732 0.047917
0 0.006696 0.090972 0.007143 0.033333
0 0.024777 0.164236 0.009375 0.020139
0 0.558705 0.517361 0.007143 0.019444
0 0.008147 0.151736 0.008705 0.015972
0 0.213170 0.094444 0.006250 0.037500
0 0.226339 0.230208 0.008482 0.010417
0 0.438504 0.558333 0.013170 0.011111
0 0.218527 0.230208 0.007143 0.010417
0 0.208482 0.279167 0.004464 0.022222
0 0.536830 0.960417 0.004018 0.012500
0 0.534598 0.106250 0.004018 0.012500
0 0.558929 0.047222 0.004018 0.012500
0 0.200000 0.023958 0.007143 0.011806
0 0.215513 0.055556 0.005134 0.023611
0 0.528571 0.648958 0.004911 0.013194
0 0.577902 0.697917 0.005357 0.012500
0 0.628795 0.025000 0.003571 0.008333
0 0.606473 0.025000 0.003571 0.008333
0 0.150893 0.045833 0.004911 0.009722
0 0.532031 0.046875 0.003348 0.010417
0 0.349554 0.961806 0.004018 0.012500
0 0.482143 0.062500 0.004464 0.034722
0 0.358817 0.961111 0.004241 0.015278
0 0.222098 0.144792 0.004464 0.017361
0 0.380246 0.954514 0.004241 0.014583
0 0.145089 0.305903 0.003571 0.014583
0 0.361272 0.954167 0.004241 0.015278
0 0.145089 0.349653 0.003571 0.014583
0 0.377232 0.960764 0.004018 0.014583
0 0.201228 0.116319 0.004241 0.013194
0 0.139732 0.046875 0.004911 0.014583
0 0.059933 0.988194 0.004687 0.009722
0 0.631362 0.738194 0.004687 0.009722
0 0.532031 0.078819 0.002902 0.031250
0 0.205134 0.082639 0.002232 0.012500
0 0.535603 0.033681 0.003348 0.010417
0 0.092969 0.981250 0.004241 0.006944
0 0.664397 0.731250 0.004241 0.006944
0 0.561496 0.132292 0.004241 0.010417
0 0.212835 0.297569 0.002902 0.009028
0 0.207031 0.235417 0.003348 0.011111
0 0.220424 0.086111 0.002455 0.016667
0 0.265067 0.036111 0.005134 0.004167
0 0.042299 0.028819 0.004241 0.010417
0 0.212165 0.075347 0.002455 0.009028
0 0.484710 0.092361 0.002902 0.009722
0 0.146987 0.046875 0.001563 0.011806
0 0.200893 0.170139 0.002232 0.008333
0 0.072991 0.990278 0.002232 0.009722
0 0.347545 0.950347 0.002232 0.010417
0 0.644420 0.740278 0.002232 0.009722
