0 0.214732 0.134722 0.058929 0.127778
0 0.195871 0.205556 0.029241 0.088889
0 0.171317 0.075000 0.030580 0.090278
0 0.202679 0.039583 0.047321 0.043056
0 0.041741 0.090972 0.010714 0.033333
0 0.162388 0.213542 0.035491 0.067361
0 0.185491 0.117708 0.020089 0.036806
0 0.025000 0.438194 0.010714 0.033333
0 0.156027 0.167361 0.016518 0.050000
0 0.218638 0.190278 0.012723 0.037500
0 0.210491 0.239583 0.017857 0.019444
0 0.234933 0.225694 0.014955 0.054167
0 0.184598 0.296875 0.010268 0.052083
0 0.172210 0.165972 0.012723 0.026389
0 0.408147 0.035764 0.014063 0.035417
0 0.196652 0.072222 0.006250 0.041667
0 0.006696 0.090972 0.007143 0.033333
0 0.182812 0.087847 0.009821 0.014583
0 0.024777 0.164236 0.009375 0.020139
0 0.558705 0.517361 0.007143 0.019444
0 0.225558 0.306597 0.010937 0.015972
0 0.008147 0.151736 0.008705 0.015972
0 0.230469 0.039236 0.004687 0.042361
0 0.171317 0.244097 0.005134 0.027083
0 0.160938 0.275000 0.004464 0.031944
0 0.412165 0.078125 0.011384 0.010417
0 0.185826 0.243750 0.005134 0.030556
0 0.421763 0.041319 0.005134 0.017361
0 0.224442 0.271875 0.007812 0.014583
0 0.200446 0.098264 0.008482 0.010417
0 0.220871 0.053472 0.006920 0.026389
0 0.219420 0.074306 0.004464 0.026389
0 0.140290 0.049653 0.006473 0.020139
0 0.235268 0.136806 0.009375 0.011111
0 0.229129 0.328819 0.004241 0.034028
0 0.406362 0.462153 0.009152 0.011806
0 0.536830 0.960417 0.004018 0.012500
0 0.534598 0.106250 0.004018 0.012500
0 0.558929 0.047222 0.004018 0.012500
0 0.400000 0.087153 0.004911 0.022917
0 0.528571 0.648958 0.004911 0.013194
0 0.165513 0.024306 0.007366 0.012500
0 0.190179 0.094444 0.004464 0.009722
0 0.399888 0.059028 0.006027 0.015278
0 0.218527 0.224653 0.002679 0.015972
0 0.577902 0.697917 0.005357 0.012500
0 0.628795 0.025000 0.003571 0.008333
0 0.606473 0.025000 0.003571 0.008333
0 0.230692 0.268403 0.003348 0.020139
0 0.146317 0.131250 0.002902 0.013889
0 0.150893 0.045833 0.004911 0.009722
0 0.184710 0.396528 0.002455 0.016667
0 0.532031 0.046875 0.003348 0.010417
0 0.349554 0.961806 0.004018 0.012500
0 0.482143 0.062847 0.004464 0.035417
0 0.158705 0.024653 0.003125 0.010417
0 0.195647 0.276042 0.002009 0.018750
0 0.358817 0.961111 0.004241 0.015278
0 0.169754 0.140625 0.007366 0.007639
0 0.242299 0.281597 0.003795 0.020139
0 0.151562 0.121181 0.007143 0.006250
0 0.137054 0.250694 0.002232 0.023611
0 0.380246 0.954514 0.004241 0.014583
0 0.145089 0.349306 0.003571 0.015278
0 0.170871 0.375694 0.005580 0.009722
0 0.361272 0.954167 0.004241 0.015278
0 0.174777 0.335417 0.007143 0.009722
0 0.406696 0.061806 0.005804 0.009722
0 0.145089 0.305903 0.003571 0.014583
0 0.422879 0.025347 0.003795 0.014583
0 0.377232 0.960764 0.004018 0.014583
0 0.181473 0.329167 0.005804 0.008333
0 0.059933 0.988194 0.004687 0.009722
0 0.631362 0.738194 0.004687 0.009722
0 0.532031 0.078819 0.002902 0.031250
0 0.249665 0.152431 0.003795 0.007639
0 0.416183 0.036458 0.004687 0.006250
0 0.223214 0.240278 0.004018 0.006944
0 0.535603 0.033681 0.003348 0.010417
0 0.092969 0.981250 0.004241 0.006944
0 0.664397 0.731250 0.004241 0.006944
0 0.179129 0.262153 0.001563 0.013194
0 0.250893 0.027431 0.003125 0.013194
0 0.203906 0.169444 0.002009 0.009722
0 0.246429 0.148611 0.001339 0.016667
0 0.398661 0.023611 0.003571 0.008333
0 0.042299 0.028819 0.004241 0.010417
0 0.156138 0.096875 0.005580 0.006250
0 0.224665 0.041667 0.004241 0.005556
0 0.146987 0.046875 0.001563 0.011806
0 0.223996 0.081250 0.002902 0.005556
0 0.242299 0.068056 0.002902 0.008333
0 0.072991 0.990278 0.002232 0.009722
0 0.347545 0.950347 0.002232 0.010417
0 0.644420 0.740278 0.002232 0.009722
