0 0.497433 0.135417 0.052902 0.122222
0 0.472433 0.135764 0.010937 0.065972
0 0.041741 0.090972 0.010714 0.033333
0 0.491183 0.164583 0.023438 0.047222
0 0.025000 0.438194 0.010714 0.033333
0 0.148214 0.409375 0.021875 0.025694
0 0.475112 0.065625 0.018527 0.040972
0 0.509598 0.224653 0.016071 0.039583
0 0.452121 0.119097 0.024777 0.049306
0 0.460045 0.034375 0.015625 0.032639
0 0.477344 0.196181 0.015848 0.013194
0 0.451116 0.079514 0.008929 0.042361
0 0.006696 0.090972 0.007143 0.033333
0 0.440179 0.613194 0.015625 0.009722
0 0.463616 0.212153 0.006250 0.045139
0 0.301897 0.023264 0.008705 0.010417
0 0.294531 0.042708 0.007366 0.035417
0 0.024777 0.164236 0.009375 0.020139
0 0.461272 0.092708 0.009152 0.025694
0 0.494754 0.286111 0.012723 0.015278
0 0.558705 0.517361 0.007143 0.019444
0 0.008147 0.151736 0.008705 0.015972
0 0.495536 0.252083 0.010268 0.011111
0 0.528795 0.164236 0.006696 0.031250
0 0.472210 0.038194 0.006473 0.012500
0 0.490625 0.208681 0.005357 0.020139
0 0.515737 0.140278 0.010045 0.011111
0 0.536830 0.960417 0.004018 0.012500
0 0.534598 0.106250 0.004018 0.012500
0 0.558929 0.047222 0.004018 0.012500
0 0.466964 0.172917 0.004464 0.023611
0 0.310268 0.095139 0.008036 0.029167
0 0.497768 0.311111 0.005357 0.030556
0 0.311272 0.023264 0.006920 0.010417
0 0.456473 0.155208 0.004464 0.018750
0 0.503460 0.067014 0.003795 0.017361
0 0.297656 0.080903 0.005134 0.021528
0 0.528571 0.648958 0.004911 0.013194
0 0.298214 0.106597 0.006250 0.014583
0 0.428460 0.596875 0.002902 0.015972
0 0.577902 0.697917 0.005357 0.012500
0 0.492969 0.065625 0.003795 0.022917
0 0.497768 0.068750 0.005357 0.008333
0 0.448214 0.167708 0.002679 0.025694
0 0.628795 0.025000 0.003571 0.008333
0 0.606473 0.025000 0.003571 0.008333
0 0.503125 0.259028 0.004018 0.016667
0 0.513728 0.290972 0.004687 0.022222
0 0.494085 0.198958 0.002455 0.015972
0 0.150893 0.045833 0.004911 0.009722
0 0.532031 0.046875 0.003348 0.010417
0 0.349554 0.961806 0.004018 0.012500
0 0.358817 0.961111 0.004241 0.015278
0 0.380246 0.954514 0.004241 0.014583
0 0.361272 0.954167 0.004241 0.015278
0 0.145089 0.305903 0.003571 0.014583
0 0.377232 0.960764 0.004018 0.014583
0 0.145089 0.349653 0.003571 0.014583
0 0.139732 0.046875 0.004911 0.014583
0 0.059933 0.988194 0.004687 0.009722
0 0.631362 0.738194 0.004687 0.009722
0 0.532031 0.078819 0.002902 0.031250
0 0.535603 0.033681 0.003348 0.010417
0 0.474219 0.181250 0.002009 0.013889
0 0.497545 0.219792 0.004018 0.007639
0 0.458482 0.296528 0.001786 0.013889
0 0.092969 0.981250 0.004241 0.006944
0 0.664397 0.731250 0.004241 0.006944
0 0.454576 0.234375 0.004687 0.007639
0 0.445647 0.044097 0.002009 0.011806
0 0.042299 0.028819 0.004241 0.010417
0 0.525000 0.209028 0.002679 0.013889
0 0.521987 0.333333 0.001563 0.011111
0 0.245982 0.056944 0.004018 0.006944
0 0.484821 0.131250 0.001786 0.008333
0 0.460379 0.070486 0.005134 0.006250
0 0.146987 0.046875 0.001563 0.011806
0 0.301451 0.053819 0.003348 0.006250
0 0.507924 0.072917 0.002902 0.005556
0 0.072991 0.990278 0.002232 0.009722
0 0.347545 0.950347 0.002232 0.010417
0 0.644420 0.740278 0.002232 0.009722
