0 0.226897 0.138542 0.059598 0.138194
0 0.041741 0.090972 0.010714 0.033333
0 0.234933 0.173264 0.021205 0.047917
0 0.247210 0.073611 0.021652 0.038889
0 0.025000 0.438194 0.010714 0.033333
0 0.226786 0.031597 0.021875 0.027083
0 0.217746 0.236458 0.014509 0.039583
0 0.263170 0.037500 0.014286 0.038889
0 0.220201 0.060764 0.010491 0.046528
0 0.263616 0.223611 0.013393 0.052778
0 0.272098 0.075000 0.009821 0.063889
0 0.272545 0.125000 0.016518 0.050000
0 0.006696 0.090972 0.007143 0.033333
0 0.248549 0.204861 0.014509 0.012500
0 0.401228 0.028125 0.010045 0.020139
0 0.024777 0.164236 0.009375 0.020139
0 0.558705 0.517361 0.007143 0.019444
0 0.241406 0.043750 0.005580 0.033333
0 0.008147 0.151736 0.008705 0.015972
0 0.261942 0.098958 0.008259 0.025694
0 0.230915 0.263194 0.009152 0.011111
0 0.252009 0.044097 0.006696 0.013194
0 0.212388 0.055556 0.002902 0.026389
0 0.400000 0.050000 0.006250 0.019444
0 0.536830 0.960417 0.004018 0.012500
0 0.534598 0.106250 0.004018 0.012500
0 0.558929 0.047222 0.004018 0.012500
0 0.234263 0.220139 0.003795 0.019444
0 0.228125 0.299306 0.005804 0.013889
0 0.273996 0.176042 0.003348 0.028472
0 0.406920 0.076042 0.004464 0.029861
0 0.528571 0.648958 0.004911 0.013194
0 0.213504 0.304167 0.004687 0.023611
0 0.408147 0.053472 0.003348 0.012500
0 0.210156 0.025694 0.004687 0.015278
0 0.266071 0.162153 0.004018 0.018750
0 0.256696 0.178125 0.004018 0.017361
0 0.223438 0.270139 0.003571 0.018056
0 0.577902 0.697917 0.005357 0.012500
0 0.267634 0.283333 0.002232 0.023611
0 0.628795 0.025000 0.003571 0.008333
0 0.606473 0.025000 0.003571 0.008333
0 0.150893 0.045833 0.004911 0.009722
0 0.406250 0.103819 0.005804 0.013194
0 0.247210 0.051736 0.003348 0.018750
0 0.227790 0.319792 0.003795 0.024306
0 0.532031 0.046875 0.003348 0.010417
0 0.349554 0.961806 0.004018 0.012500
0 0.482143 0.062500 0.004464 0.034722
0 0.397879 0.079861 0.002902 0.023611
0 0.358817 0.961111 0.004241 0.015278
0 0.231920 0.209028 0.002232 0.015278
0 0.380246 0.954514 0.004241 0.014583
0 0.189509 0.057639 0.004911 0.013889
0 0.361272 0.954167 0.004241 0.015278
0 0.145089 0.349653 0.003571 0.014583
0 0.145089 0.305903 0.003571 0.014583
0 0.377232 0.960764 0.004018 0.014583
0 0.139732 0.046875 0.004911 0.014583
0 0.263839 0.306597 0.001786 0.015972
0 0.059933 0.988194 0.004687 0.009722
0 0.631362 0.738194 0.004687 0.009722
0 0.532031 0.078819 0.002902 0.031250
0 0.535603 0.033681 0.003348 0.010417
0 0.220424 0.309028 0.004241 0.008333
0 0.092969 0.981250 0.004241 0.006944
0 0.664397 0.731250 0.004241 0.006944
0 0.392411 0.135417 0.004018 0.011111
0 0.249777 0.189931 0.002232 0.013194
0 0.203795 0.220833 0.002679 0.015278
0 0.229018 0.230208 0.004018 0.007639
0 0.271540 0.268750 0.003795 0.008333
0 0.234375 0.332639 0.003571 0.006944
0 0.418304 0.045833 0.006250 0.004167
0 0.200446 0.136806 0.004018 0.005556
0 0.410379 0.029861 0.003795 0.006944
0 0.042299 0.028819 0.004241 0.010417
0 0.394643 0.025000 0.003125 0.006944
0 0.203237 0.028472 0.002009 0.008333
0 0.235826 0.292708 0.003348 0.007639
0 0.219754 0.080903 0.002902 0.006250
0 0.280246 0.183681 0.004241 0.007639
0 0.262835 0.076736 0.004687 0.006250
0 0.146987 0.046875 0.001563 0.011806
0 0.451674 0.054861 0.003795 0.006944
0 0.222433 0.325000 0.003795 0.005556
0 0.240513 0.139236 0.001563 0.009028
0 0.260045 0.136458 0.002679 0.006250
0 0.072991 0.990278 0.002232 0.009722
0 0.347545 0.950347 0.002232 0.010417
0 0.644420 0.740278 0.002232 0.009722
