0 0.264397 0.110764 0.064509 0.114583
0 0.478683 0.631250 0.032366 0.043056
0 0.241071 0.165278 0.027232 0.081944
0 0.218527 0.049306 0.032589 0.062500
0 0.041741 0.090972 0.010714 0.033333
0 0.233147 0.085417 0.021652 0.033333
0 0.207366 0.166319 0.037054 0.057639
0 0.025000 0.438194 0.010714 0.033333
0 0.265625 0.161111 0.017857 0.033333
0 0.284933 0.198611 0.017188 0.048611
0 0.202009 0.122569 0.016071 0.045139
0 0.256920 0.204861 0.019196 0.016667
0 0.504464 0.073611 0.017411 0.031944
0 0.229464 0.247569 0.010714 0.046528
0 0.271652 0.042708 0.008036 0.045139
0 0.244978 0.045486 0.005580 0.036806
0 0.006696 0.090972 0.007143 0.033333
0 0.257812 0.027431 0.012946 0.018750
0 0.219978 0.125347 0.010045 0.022917
0 0.271875 0.271528 0.015179 0.012500
0 0.512388 0.103819 0.012723 0.010417
0 0.024777 0.164236 0.009375 0.020139
0 0.230469 0.056944 0.010045 0.013889
0 0.558705 0.517361 0.007143 0.019444
0 0.008147 0.151736 0.008705 0.015972
0 0.270982 0.240278 0.011607 0.016667
0 0.497433 0.109722 0.008259 0.025000
0 0.282813 0.029861 0.004911 0.023611
0 0.231362 0.200000 0.005580 0.027778
0 0.216295 0.195833 0.005357 0.023611
0 0.205022 0.220833 0.004687 0.027778
0 0.249107 0.069444 0.009375 0.009722
0 0.296987 0.038542 0.004687 0.032639
0 0.286830 0.114583 0.010714 0.008333
0 0.277121 0.293056 0.005134 0.031944
0 0.536830 0.960417 0.004018 0.012500
0 0.534598 0.106250 0.004018 0.012500
0 0.558929 0.047222 0.004018 0.012500
0 0.528571 0.648958 0.004911 0.013194
0 0.266741 0.192014 0.003125 0.014583
0 0.279687 0.237153 0.004018 0.018750
0 0.238170 0.064583 0.004911 0.008333
0 0.577902 0.697917 0.005357 0.012500
0 0.628795 0.025000 0.003571 0.008333
0 0.606473 0.025000 0.003571 0.008333
0 0.150893 0.045833 0.004911 0.009722
0 0.532031 0.046875 0.003348 0.010417
0 0.241295 0.232639 0.002232 0.018056
0 0.349554 0.961806 0.004018 0.012500
0 0.227902 0.338889 0.002232 0.015278
0 0.292299 0.253819 0.003795 0.020139
0 0.192188 0.088194 0.003125 0.012500
0 0.217746 0.075694 0.005134 0.006944
0 0.299330 0.123958 0.001786 0.025694
0 0.358817 0.961111 0.004241 0.015278
0 0.413728 0.491667 0.005580 0.011111
0 0.218415 0.279167 0.006920 0.006944
0 0.187165 0.020486 0.006473 0.004861
0 0.426451 0.492361 0.006473 0.009722
0 0.214397 0.116667 0.004687 0.006944
0 0.380246 0.954514 0.004241 0.014583
0 0.361272 0.954167 0.004241 0.015278
0 0.145089 0.349653 0.003571 0.014583
0 0.145089 0.305903 0.003571 0.014583
0 0.181138 0.190972 0.002455 0.020833
0 0.505915 0.086111 0.006473 0.006944
0 0.377232 0.960764 0.004018 0.014583
0 0.213616 0.314236 0.005804 0.007639
0 0.271652 0.208333 0.004911 0.006944
0 0.139732 0.046875 0.004911 0.014583
0 0.303013 0.132986 0.004241 0.006250
0 0.059933 0.988194 0.004687 0.009722
0 0.631362 0.738194 0.004687 0.009722
0 0.518304 0.161806 0.005357 0.005556
0 0.532031 0.078819 0.002902 0.031250
0 0.493527 0.164931 0.002679 0.018750
0 0.535603 0.033681 0.003348 0.010417
0 0.482589 0.058333 0.003571 0.026389
0 0.225446 0.276389 0.005804 0.005556
0 0.092969 0.981250 0.004241 0.006944
0 0.664397 0.731250 0.004241 0.006944
0 0.251786 0.137153 0.002232 0.009028
0 0.223996 0.214236 0.001563 0.011806
0 0.489844 0.095139 0.002009 0.015278
0 0.042299 0.028819 0.004241 0.010417
0 0.276451 0.022917 0.004687 0.005556
0 0.217188 0.101389 0.004911 0.006944
0 0.299665 0.167014 0.002455 0.014583
0 0.146987 0.046875 0.001563 0.011806
0 0.275112 0.060069 0.003348 0.004861
0 0.493415 0.072917 0.002902 0.008333
0 0.269643 0.310764 0.004018 0.004861
0 0.492076 0.060417 0.002009 0.012500
0 0.072991 0.990278 0.002232 0.009722
0 0.347545 0.950347 0.002232 0.010417
0 0.644420 0.740278 0.002232 0.009722
0 0.302679 0.279167 0.001339 0.009722
