0 0.484263 0.161806 0.059598 0.144444
0 0.456473 0.167361 0.012500 0.070833
0 0.447321 0.047222 0.027679 0.058333
0 0.477567 0.199306 0.025670 0.050000
0 0.041741 0.090972 0.010714 0.033333
0 0.025000 0.438194 0.010714 0.033333
0 0.457478 0.094097 0.017634 0.040972
0 0.262165 0.048958 0.020759 0.061806
0 0.498326 0.264236 0.018080 0.042361
0 0.434040 0.149306 0.027455 0.052778
0 0.462500 0.233333 0.017411 0.015278
0 0.432254 0.106597 0.010937 0.046528
0 0.469754 0.027778 0.012723 0.019444
0 0.469085 0.062500 0.006920 0.036111
0 0.006696 0.090972 0.007143 0.033333
0 0.281473 0.044097 0.015179 0.034028
0 0.447656 0.252431 0.006027 0.043750
0 0.481808 0.329514 0.014509 0.015972
0 0.443862 0.121528 0.010045 0.027778
0 0.429353 0.713542 0.014955 0.017361
0 0.024777 0.164236 0.009375 0.020139
0 0.482589 0.293056 0.011607 0.012500
0 0.558705 0.517361 0.007143 0.019444
0 0.259152 0.064583 0.008036 0.037500
0 0.008147 0.151736 0.008705 0.015972
0 0.505022 0.073264 0.004241 0.029861
0 0.276339 0.112847 0.009821 0.047917
0 0.456027 0.063194 0.008036 0.013889
0 0.490625 0.090972 0.004464 0.027778
0 0.504687 0.173264 0.011161 0.011806
0 0.471094 0.089583 0.008259 0.012500
0 0.477790 0.247222 0.004687 0.019444
0 0.485491 0.355903 0.005804 0.032639
0 0.450446 0.206597 0.004911 0.024306
0 0.438839 0.188542 0.004911 0.020139
0 0.263058 0.105903 0.005580 0.024306
0 0.536830 0.960417 0.004018 0.012500
0 0.534598 0.106250 0.004018 0.012500
0 0.558929 0.047222 0.004018 0.012500
0 0.462054 0.070833 0.004018 0.019444
0 0.263951 0.133681 0.006920 0.014583
0 0.429688 0.201736 0.003125 0.027083
0 0.491071 0.300347 0.004464 0.018750
0 0.517411 0.197569 0.003125 0.029861
0 0.481696 0.062500 0.005357 0.034722
0 0.528571 0.648958 0.004911 0.013194
0 0.480804 0.236111 0.002679 0.016667
0 0.286607 0.094792 0.007589 0.031250
0 0.503348 0.334375 0.004464 0.022917
0 0.195647 0.022917 0.008259 0.009722
0 0.577902 0.697917 0.005357 0.012500
0 0.628795 0.025000 0.003571 0.008333
0 0.606473 0.025000 0.003571 0.008333
0 0.150893 0.045833 0.004911 0.009722
0 0.532031 0.046875 0.003348 0.010417
0 0.349554 0.961806 0.004018 0.012500
0 0.520759 0.212500 0.004911 0.008333
0 0.457478 0.213194 0.004241 0.020833
0 0.282031 0.025694 0.004687 0.015278
0 0.358817 0.961111 0.004241 0.015278
0 0.249330 0.062847 0.005804 0.018750
0 0.380246 0.954514 0.004241 0.014583
0 0.361272 0.954167 0.004241 0.015278
0 0.145089 0.305903 0.003571 0.014583
0 0.377232 0.960764 0.004018 0.014583
0 0.145089 0.349653 0.003571 0.014583
0 0.484821 0.258333 0.004464 0.008333
0 0.139732 0.046875 0.004911 0.014583
0 0.437277 0.272917 0.006250 0.008333
0 0.059933 0.988194 0.004687 0.009722
0 0.631362 0.738194 0.004687 0.009722
0 0.278571 0.070833 0.002679 0.018056
0 0.272433 0.075000 0.002455 0.020833
0 0.441741 0.339236 0.001786 0.014583
0 0.247656 0.029861 0.005134 0.011111
0 0.532031 0.078819 0.002902 0.031250
0 0.535603 0.033681 0.003348 0.010417
0 0.495089 0.080556 0.004464 0.006944
0 0.515402 0.247222 0.003125 0.015278
0 0.476451 0.055903 0.003348 0.006250
0 0.092969 0.981250 0.004241 0.006944
0 0.664397 0.731250 0.004241 0.006944
0 0.426116 0.069097 0.002232 0.011806
0 0.517746 0.109722 0.003795 0.006944
0 0.442634 0.097917 0.005804 0.006944
0 0.276116 0.022569 0.003125 0.009028
0 0.470201 0.162847 0.002009 0.009028
0 0.495759 0.101389 0.003571 0.005556
0 0.512388 0.380208 0.001563 0.010417
0 0.042299 0.028819 0.004241 0.010417
0 0.442969 0.277431 0.004241 0.004861
0 0.430134 0.064931 0.004911 0.006250
0 0.432031 0.299653 0.003795 0.006250
0 0.146987 0.046875 0.001563 0.011806
0 0.478013 0.365278 0.003795 0.005556
0 0.206250 0.079861 0.004464 0.006944
0 0.072991 0.990278 0.002232 0.009722
0 0.347545 0.950347 0.002232 0.010417
0 0.644420 0.740278 0.002232 0.009722
0 0.443973 0.214236 0.001339 0.011806
