0 0.551451 0.194792 0.013616 0.075694
0 0.183705 0.532986 0.025893 0.035417
0 0.041741 0.090972 0.010714 0.033333
0 0.025000 0.438194 0.010714 0.033333
0 0.526004 0.172222 0.030134 0.056944
0 0.555246 0.265625 0.016741 0.017361
0 0.557701 0.122569 0.011830 0.034028
0 0.524554 0.127431 0.012500 0.050694
0 0.533259 0.282986 0.019196 0.057639
0 0.537835 0.144792 0.010937 0.029861
0 0.006696 0.090972 0.007143 0.033333
0 0.556696 0.155208 0.013839 0.018750
0 0.351451 0.067361 0.006473 0.033333
0 0.024777 0.164236 0.009375 0.020139
0 0.513839 0.775000 0.010714 0.026389
0 0.558705 0.517361 0.007143 0.019444
0 0.358036 0.118403 0.009375 0.049306
0 0.008147 0.151736 0.008705 0.015972
0 0.365402 0.059028 0.013393 0.016667
0 0.543415 0.235764 0.005580 0.025694
0 0.530804 0.214931 0.005804 0.021528
0 0.520201 0.228125 0.003795 0.031250
0 0.344308 0.109722 0.005580 0.023611
0 0.341071 0.061458 0.007589 0.021528
0 0.344978 0.138889 0.006920 0.018056
0 0.548214 0.124306 0.005357 0.011111
0 0.536830 0.960417 0.004018 0.012500
0 0.534598 0.106250 0.004018 0.012500
0 0.558929 0.047222 0.004018 0.012500
0 0.551339 0.244792 0.004464 0.024306
0 0.368862 0.100694 0.007366 0.031944
0 0.528571 0.648958 0.004911 0.013194
0 0.536496 0.119097 0.007366 0.009028
0 0.352455 0.023264 0.006250 0.010417
0 0.577902 0.697917 0.005357 0.012500
0 0.628795 0.025000 0.003571 0.008333
0 0.606473 0.025000 0.003571 0.008333
0 0.150893 0.045833 0.004911 0.009722
0 0.278348 0.021875 0.007589 0.007639
0 0.559263 0.098958 0.004241 0.009028
0 0.482143 0.062847 0.004464 0.035417
0 0.343080 0.080903 0.004018 0.013194
0 0.532031 0.046875 0.003348 0.010417
0 0.349554 0.961806 0.004018 0.012500
0 0.355469 0.080208 0.004241 0.021528
0 0.530915 0.373958 0.002455 0.015972
0 0.562054 0.209028 0.003125 0.011111
0 0.358817 0.961111 0.004241 0.015278
0 0.332813 0.065625 0.008036 0.018750
0 0.380246 0.954514 0.004241 0.014583
0 0.145089 0.349653 0.003571 0.014583
0 0.361272 0.954167 0.004241 0.015278
0 0.145089 0.305903 0.003571 0.014583
0 0.377232 0.960764 0.004018 0.014583
0 0.139732 0.046875 0.004911 0.014583
0 0.059933 0.988194 0.004687 0.009722
0 0.631362 0.738194 0.004687 0.009722
0 0.361161 0.075694 0.002679 0.018056
0 0.532031 0.078819 0.002902 0.031250
0 0.518973 0.087500 0.002232 0.012500
0 0.535603 0.033681 0.003348 0.010417
0 0.092969 0.981250 0.004241 0.006944
0 0.664397 0.731250 0.004241 0.006944
0 0.523549 0.084028 0.005580 0.006944
0 0.520759 0.330903 0.004464 0.006250
0 0.042299 0.028819 0.004241 0.010417
0 0.535826 0.242708 0.001563 0.011806
0 0.504129 0.176736 0.002455 0.018750
0 0.146987 0.046875 0.001563 0.011806
0 0.072991 0.990278 0.002232 0.009722
0 0.347545 0.950347 0.002232 0.010417
0 0.644420 0.740278 0.002232 0.009722
