0 0.483482 0.134722 0.046429 0.179167
0 0.041741 0.090972 0.010714 0.033333
0 0.476674 0.187153 0.022545 0.050694
0 0.025000 0.438194 0.010714 0.033333
0 0.461607 0.146875 0.009375 0.053472
0 0.455357 0.041667 0.021429 0.047222
0 0.462835 0.083333 0.013616 0.040278
0 0.493750 0.253472 0.014286 0.040278
0 0.444308 0.129861 0.020759 0.041667
0 0.463839 0.218750 0.017411 0.013889
0 0.006696 0.090972 0.007143 0.033333
0 0.443080 0.093750 0.008482 0.044444
0 0.024777 0.164236 0.009375 0.020139
0 0.471763 0.052431 0.005134 0.035417
0 0.558705 0.517361 0.007143 0.019444
0 0.008147 0.151736 0.008705 0.015972
0 0.480580 0.315972 0.011161 0.018056
0 0.452121 0.108681 0.007812 0.027083
0 0.478571 0.230208 0.005357 0.028472
0 0.481250 0.280556 0.008929 0.012500
0 0.472879 0.022222 0.010491 0.008333
0 0.453460 0.235764 0.002902 0.040972
0 0.321317 0.023264 0.006027 0.010417
0 0.500112 0.067708 0.003348 0.025694
0 0.510938 0.192014 0.006250 0.034028
0 0.461830 0.053125 0.006250 0.013194
0 0.372991 0.631944 0.003571 0.019444
0 0.536830 0.960417 0.004018 0.012500
0 0.534598 0.106250 0.004018 0.012500
0 0.473549 0.079861 0.006473 0.012500
0 0.558929 0.047222 0.004018 0.012500
0 0.528571 0.648958 0.004911 0.013194
0 0.483147 0.342361 0.004687 0.031944
0 0.488728 0.086458 0.003348 0.018750
0 0.447879 0.173611 0.003795 0.019444
0 0.577902 0.697917 0.005357 0.012500
0 0.628795 0.025000 0.003571 0.008333
0 0.606473 0.025000 0.003571 0.008333
0 0.150893 0.045833 0.004911 0.009722
0 0.532031 0.046875 0.003348 0.010417
0 0.466406 0.060764 0.003348 0.018750
0 0.349554 0.961806 0.004018 0.012500
0 0.318192 0.107639 0.004687 0.015278
0 0.447879 0.256944 0.007812 0.011111
0 0.440737 0.185417 0.002455 0.026389
0 0.456362 0.195833 0.002902 0.016667
0 0.488058 0.287500 0.003348 0.016667
0 0.497321 0.322917 0.003571 0.022222
0 0.358817 0.961111 0.004241 0.015278
0 0.380246 0.954514 0.004241 0.014583
0 0.361272 0.954167 0.004241 0.015278
0 0.145089 0.349653 0.003571 0.014583
0 0.145089 0.305903 0.003571 0.014583
0 0.328013 0.024306 0.004241 0.008333
0 0.377232 0.960764 0.004018 0.014583
0 0.139732 0.046875 0.004911 0.014583
0 0.521429 0.070486 0.003571 0.014583
0 0.059933 0.988194 0.004687 0.009722
0 0.631362 0.738194 0.004687 0.009722
0 0.532031 0.078819 0.002902 0.031250
0 0.535603 0.033681 0.003348 0.010417
0 0.092969 0.981250 0.004241 0.006944
0 0.664397 0.731250 0.004241 0.006944
0 0.483259 0.246528 0.003571 0.008333
0 0.449219 0.320833 0.001563 0.013889
0 0.328125 0.104861 0.004464 0.012500
0 0.493192 0.073264 0.002455 0.007639
0 0.510045 0.102778 0.002679 0.006944
0 0.042299 0.028819 0.004241 0.010417
0 0.478683 0.061806 0.002455 0.016667
0 0.146987 0.046875 0.001563 0.011806
0 0.325558 0.087153 0.002009 0.013194
0 0.504353 0.370486 0.001563 0.011806
0 0.072991 0.990278 0.002232 0.009722
0 0.347545 0.950347 0.002232 0.010417
0 0.644420 0.740278 0.002232 0.009722
0 0.472321 0.151389 0.001786 0.008333
0 0.438728 0.056250 0.001563 0.011111
