0 0.041741 0.090972 0.010714 0.033333
0 0.025000 0.438194 0.010714 0.033333
0 0.455580 0.043403 0.011607 0.043750
0 0.559821 0.203125 0.007589 0.064583
0 0.553571 0.247917 0.008036 0.069444
0 0.006696 0.090972 0.007143 0.033333
0 0.024777 0.164236 0.009375 0.020139
0 0.558705 0.517361 0.007143 0.019444
0 0.177679 0.063889 0.006696 0.034722
0 0.008147 0.151736 0.008705 0.015972
0 0.185156 0.091319 0.011830 0.013194
0 0.553013 0.314583 0.004241 0.038889
0 0.557031 0.407986 0.007812 0.022917
0 0.560826 0.302778 0.004687 0.025000
0 0.559933 0.148958 0.007366 0.015972
0 0.536830 0.960417 0.004018 0.012500
0 0.534598 0.106250 0.004018 0.012500
0 0.558929 0.047222 0.004018 0.012500
0 0.554576 0.456250 0.003795 0.030556
0 0.446763 0.074306 0.005134 0.015278
0 0.528571 0.648958 0.004911 0.013194
0 0.561607 0.265278 0.004018 0.013889
0 0.577902 0.697917 0.005357 0.012500
0 0.628795 0.025000 0.003571 0.008333
0 0.606473 0.025000 0.003571 0.008333
0 0.170871 0.076042 0.005580 0.022917
0 0.150893 0.045833 0.004911 0.009722
0 0.550000 0.432986 0.004911 0.017361
0 0.482143 0.062847 0.004464 0.035417
0 0.466295 0.060764 0.005804 0.017361
0 0.532031 0.046875 0.003348 0.010417
0 0.555804 0.489583 0.002232 0.020833
0 0.349554 0.961806 0.004018 0.012500
0 0.358817 0.961111 0.004241 0.015278
0 0.452121 0.075694 0.004687 0.011111
0 0.380246 0.954514 0.004241 0.014583
0 0.361272 0.954167 0.004241 0.015278
0 0.145089 0.349653 0.003571 0.014583
0 0.145089 0.305903 0.003571 0.014583
0 0.377232 0.960764 0.004018 0.014583
0 0.139732 0.046875 0.004911 0.014583
0 0.059933 0.988194 0.004687 0.009722
0 0.631362 0.738194 0.004687 0.009722
0 0.550893 0.388889 0.003125 0.013889
0 0.532031 0.078819 0.002902 0.031250
0 0.178683 0.026389 0.002902 0.016667
0 0.535603 0.033681 0.003348 0.010417
0 0.175223 0.024306 0.003571 0.012500
0 0.092969 0.981250 0.004241 0.006944
0 0.664397 0.731250 0.004241 0.006944
0 0.174442 0.043056 0.002455 0.012500
0 0.562388 0.071528 0.002455 0.013889
0 0.543080 0.101042 0.002232 0.013194
0 0.546540 0.317361 0.002902 0.008333
0 0.042299 0.028819 0.004241 0.010417
0 0.146987 0.046875 0.001563 0.011806
0 0.168080 0.026389 0.002679 0.006944
0 0.180580 0.068056 0.002232 0.011111
0 0.543192 0.344097 0.002902 0.007639
0 0.072991 0.990278 0.002232 0.009722
0 0.347545 0.950347 0.002232 0.010417
0 0.644420 0.740278 0.002232 0.009722
