0 0.375558 0.106597 0.063170 0.111806
0 0.194308 0.615278 0.028795 0.043056
0 0.349107 0.134722 0.019196 0.080556
0 0.041741 0.090972 0.010714 0.033333
0 0.372321 0.146181 0.022768 0.043750
0 0.025000 0.438194 0.010714 0.033333
0 0.321429 0.121181 0.031696 0.046528
0 0.393415 0.192361 0.018080 0.041667
0 0.344978 0.058681 0.012723 0.015972
0 0.358817 0.179861 0.013616 0.011111
0 0.338839 0.204861 0.009375 0.044444
0 0.006696 0.090972 0.007143 0.033333
0 0.330580 0.023264 0.014732 0.010417
0 0.378237 0.255208 0.015402 0.010417
0 0.372433 0.058681 0.011384 0.015972
0 0.024777 0.164236 0.009375 0.020139
0 0.558705 0.517361 0.007143 0.019444
0 0.332924 0.090625 0.009152 0.020139
0 0.008147 0.151736 0.008705 0.015972
0 0.378237 0.223958 0.012277 0.010417
0 0.319308 0.090278 0.009152 0.019444
0 0.432366 0.574653 0.012054 0.011806
0 0.341518 0.162847 0.005357 0.022917
0 0.371987 0.186111 0.004687 0.016667
0 0.328013 0.152083 0.005134 0.019444
0 0.419531 0.564236 0.004687 0.020139
0 0.382924 0.278125 0.005580 0.029861
0 0.317076 0.062847 0.010937 0.007639
0 0.317857 0.168750 0.003125 0.026389
0 0.536830 0.960417 0.004018 0.012500
0 0.534598 0.106250 0.004018 0.012500
0 0.558929 0.047222 0.004018 0.012500
0 0.528571 0.648958 0.004911 0.013194
0 0.374888 0.175347 0.002902 0.014583
0 0.387054 0.226389 0.004464 0.016667
0 0.577902 0.697917 0.005357 0.012500
0 0.628795 0.025000 0.003571 0.008333
0 0.606473 0.025000 0.003571 0.008333
0 0.150893 0.045833 0.004911 0.009722
0 0.357589 0.023264 0.004018 0.010417
0 0.400000 0.250694 0.004018 0.019444
0 0.532031 0.046875 0.003348 0.010417
0 0.482143 0.062847 0.004464 0.035417
0 0.349554 0.961806 0.004018 0.012500
0 0.400112 0.111806 0.005580 0.005556
0 0.358817 0.961111 0.004241 0.015278
0 0.414174 0.137847 0.004687 0.006250
0 0.349777 0.199653 0.002232 0.015972
0 0.394420 0.023264 0.003125 0.010417
0 0.380246 0.954514 0.004241 0.014583
0 0.361272 0.954167 0.004241 0.015278
0 0.145089 0.349653 0.003571 0.014583
0 0.145089 0.305903 0.003571 0.014583
0 0.382031 0.023264 0.003348 0.010417
0 0.377232 0.960764 0.004018 0.014583
0 0.335379 0.288194 0.002009 0.013889
0 0.394196 0.110069 0.004911 0.006250
0 0.139732 0.046875 0.004911 0.014583
0 0.059933 0.988194 0.004687 0.009722
0 0.631362 0.738194 0.004687 0.009722
0 0.532031 0.078819 0.002902 0.031250
0 0.379576 0.193403 0.005134 0.006250
0 0.535603 0.033681 0.003348 0.010417
0 0.408371 0.052083 0.004241 0.006944
0 0.092969 0.981250 0.004241 0.006944
0 0.664397 0.731250 0.004241 0.006944
0 0.381473 0.053472 0.004464 0.005556
0 0.410379 0.133333 0.002009 0.011111
0 0.410714 0.119792 0.001786 0.011806
0 0.361830 0.115278 0.002232 0.008333
0 0.323326 0.256944 0.004687 0.005556
0 0.298661 0.130903 0.001786 0.017361
0 0.042299 0.028819 0.004241 0.010417
0 0.410156 0.284375 0.001563 0.010417
0 0.409821 0.170139 0.002679 0.012500
0 0.334487 0.172917 0.001563 0.011111
0 0.146987 0.046875 0.001563 0.011806
0 0.492076 0.060417 0.002009 0.012500
0 0.072991 0.990278 0.002232 0.009722
0 0.347545 0.950347 0.002232 0.010417
0 0.644420 0.740278 0.002232 0.009722
