0 0.041741 0.090972 0.010714 0.033333
0 0.025000 0.438194 0.010714 0.033333
0 0.181362 0.060069 0.015402 0.065972
0 0.179353 0.119444 0.013170 0.050000
0 0.492857 0.121875 0.010268 0.049306
0 0.006696 0.090972 0.007143 0.033333
0 0.187946 0.153472 0.013393 0.018056
0 0.174330 0.054861 0.008482 0.031944
0 0.024777 0.164236 0.009375 0.020139
0 0.167411 0.043750 0.011161 0.036111
0 0.558705 0.517361 0.007143 0.019444
0 0.484487 0.156597 0.012277 0.015972
0 0.008147 0.151736 0.008705 0.015972
0 0.167857 0.138889 0.010268 0.027778
0 0.536830 0.960417 0.004018 0.012500
0 0.534598 0.106250 0.004018 0.012500
0 0.558929 0.047222 0.004018 0.012500
0 0.481696 0.062847 0.005357 0.035417
0 0.528571 0.648958 0.004911 0.013194
0 0.502679 0.142708 0.005804 0.020139
0 0.577902 0.697917 0.005357 0.012500
0 0.497321 0.065278 0.003571 0.019444
0 0.628795 0.025000 0.003571 0.008333
0 0.606473 0.025000 0.003571 0.008333
0 0.274330 0.415278 0.007589 0.009722
0 0.150893 0.045833 0.004911 0.009722
0 0.494978 0.086111 0.005580 0.012500
0 0.532031 0.046875 0.003348 0.010417
0 0.349554 0.961806 0.004018 0.012500
0 0.164509 0.083333 0.004464 0.011111
0 0.358817 0.961111 0.004241 0.015278
0 0.380246 0.954514 0.004241 0.014583
0 0.145089 0.305903 0.003571 0.014583
0 0.361272 0.954167 0.004241 0.015278
0 0.145089 0.349653 0.003571 0.014583
0 0.169085 0.095486 0.005134 0.015972
0 0.504576 0.085069 0.003795 0.009028
0 0.490513 0.089236 0.003795 0.011806
0 0.377232 0.960764 0.004018 0.014583
0 0.139732 0.046875 0.004911 0.014583
0 0.059933 0.988194 0.004687 0.009722
0 0.631362 0.738194 0.004687 0.009722
0 0.262277 0.413194 0.003571 0.011111
0 0.532031 0.078819 0.002902 0.031250
0 0.187835 0.083333 0.004241 0.022222
0 0.535603 0.033681 0.003348 0.010417
0 0.092969 0.981250 0.004241 0.006944
0 0.664397 0.731250 0.004241 0.006944
0 0.485714 0.102431 0.004018 0.011806
0 0.166295 0.112500 0.003125 0.013889
0 0.190067 0.098958 0.002902 0.010417
0 0.175223 0.194792 0.002232 0.015972
0 0.042299 0.028819 0.004241 0.010417
0 0.146987 0.046875 0.001563 0.011806
0 0.072991 0.990278 0.002232 0.009722
0 0.347545 0.950347 0.002232 0.010417
0 0.644420 0.740278 0.002232 0.009722
