0 0.303795 0.092361 0.063839 0.105556
0 0.350893 0.608681 0.024554 0.040972
0 0.279241 0.132639 0.023661 0.077778
0 0.041741 0.090972 0.010714 0.033333
0 0.273214 0.049306 0.020536 0.048611
0 0.025000 0.438194 0.010714 0.033333
0 0.303125 0.137500 0.019643 0.043056
0 0.248214 0.127431 0.034375 0.050694
0 0.323214 0.174306 0.017411 0.043056
0 0.254464 0.033681 0.020536 0.031250
0 0.243415 0.086111 0.015402 0.040278
0 0.268304 0.205903 0.010268 0.042361
0 0.006696 0.090972 0.007143 0.033333
0 0.292076 0.173264 0.014063 0.010417
0 0.309152 0.239931 0.015625 0.010417
0 0.024777 0.164236 0.009375 0.020139
0 0.558705 0.517361 0.007143 0.019444
0 0.260379 0.092014 0.009598 0.021528
0 0.008147 0.151736 0.008705 0.015972
0 0.270871 0.031250 0.009598 0.012500
0 0.308705 0.210417 0.011607 0.013889
0 0.270536 0.163889 0.005357 0.025000
0 0.256138 0.156250 0.005134 0.020833
0 0.284263 0.028819 0.003795 0.021528
0 0.422098 0.494792 0.012500 0.009028
0 0.302232 0.175347 0.004911 0.015972
0 0.245089 0.176042 0.003571 0.025694
0 0.288728 0.045486 0.009152 0.007639
0 0.314397 0.261458 0.005134 0.029861
0 0.536830 0.960417 0.004018 0.012500
0 0.534598 0.106250 0.004018 0.012500
0 0.558929 0.047222 0.004018 0.012500
0 0.311161 0.023264 0.007589 0.010417
0 0.528571 0.648958 0.004911 0.013194
0 0.304799 0.163889 0.002902 0.013889
0 0.577902 0.697917 0.005357 0.012500
0 0.317634 0.209722 0.004018 0.016667
0 0.628795 0.025000 0.003571 0.008333
0 0.606473 0.025000 0.003571 0.008333
0 0.338504 0.105903 0.002009 0.024306
0 0.150893 0.045833 0.004911 0.009722
0 0.532031 0.046875 0.003348 0.010417
0 0.349554 0.961806 0.004018 0.012500
0 0.482143 0.062500 0.004464 0.034722
0 0.560491 0.193750 0.003571 0.019444
0 0.410938 0.485764 0.003125 0.014583
0 0.279687 0.196528 0.002232 0.016667
0 0.330134 0.228125 0.003571 0.018750
0 0.358817 0.961111 0.004241 0.015278
0 0.322768 0.021528 0.004018 0.006944
0 0.266071 0.290972 0.002232 0.013889
0 0.562054 0.138542 0.003125 0.018750
0 0.380246 0.954514 0.004241 0.014583
0 0.342299 0.115625 0.004687 0.006250
0 0.361272 0.954167 0.004241 0.015278
0 0.145089 0.305903 0.003571 0.014583
0 0.234821 0.053819 0.002679 0.011806
0 0.328460 0.094792 0.005580 0.004861
0 0.145089 0.349653 0.003571 0.014583
0 0.377232 0.960764 0.004018 0.014583
0 0.139732 0.046875 0.004911 0.014583
0 0.059933 0.988194 0.004687 0.009722
0 0.631362 0.738194 0.004687 0.009722
0 0.561496 0.092708 0.004241 0.006250
0 0.255022 0.083681 0.004241 0.006250
0 0.532031 0.078819 0.002902 0.031250
0 0.322433 0.094792 0.004241 0.006250
0 0.556250 0.118056 0.002679 0.016667
0 0.535603 0.033681 0.003348 0.010417
0 0.309710 0.180208 0.004687 0.006250
0 0.223549 0.144792 0.002009 0.018750
0 0.092969 0.981250 0.004241 0.006944
0 0.664397 0.731250 0.004241 0.006944
0 0.252790 0.264236 0.005134 0.006250
0 0.290625 0.109028 0.002232 0.008333
0 0.298103 0.026736 0.003795 0.009028
0 0.042299 0.028819 0.004241 0.010417
0 0.338504 0.147569 0.002455 0.013194
0 0.263281 0.175000 0.001563 0.011111
0 0.146987 0.046875 0.001563 0.011806
0 0.278460 0.210417 0.004241 0.006944
0 0.340513 0.256250 0.001563 0.009722
0 0.072991 0.990278 0.002232 0.009722
0 0.347545 0.950347 0.002232 0.010417
0 0.644420 0.740278 0.002232 0.009722
