0 0.365737 0.834028 0.021205 0.076389
0 0.153571 0.816319 0.025893 0.060417
0 0.472656 0.891667 0.020759 0.044444
0 0.041741 0.090972 0.010714 0.033333
0 0.025000 0.438194 0.010714 0.033333
0 0.138504 0.644097 0.006920 0.054861
0 0.006696 0.090972 0.007143 0.033333
0 0.024777 0.164236 0.009375 0.020139
0 0.558705 0.517361 0.007143 0.019444
0 0.008147 0.151736 0.008705 0.015972
0 0.374888 0.838542 0.015402 0.060417
0 0.536830 0.960417 0.004018 0.012500
0 0.534598 0.106250 0.004018 0.012500
0 0.558929 0.047222 0.004018 0.012500
0 0.528571 0.648958 0.004911 0.013194
0 0.577902 0.697917 0.005357 0.012500
0 0.628795 0.025000 0.003571 0.008333
0 0.606473 0.025000 0.003571 0.008333
0 0.150893 0.045833 0.004911 0.009722
0 0.532031 0.046875 0.003348 0.010417
0 0.349554 0.961806 0.004018 0.012500
0 0.145201 0.349306 0.003795 0.015278
0 0.145201 0.305556 0.003795 0.015278
0 0.358817 0.961111 0.004241 0.015278
0 0.380246 0.954514 0.004241 0.014583
0 0.361272 0.954167 0.004241 0.015278
0 0.139955 0.675347 0.004464 0.010417
0 0.377232 0.960764 0.004018 0.014583
0 0.139732 0.046875 0.004911 0.014583
0 0.059933 0.988194 0.004687 0.009722
0 0.631362 0.738194 0.004687 0.009722
0 0.532031 0.078819 0.002902 0.031250
0 0.535603 0.033681 0.003348 0.010417
0 0.092969 0.981250 0.004241 0.006944
0 0.664397 0.731250 0.004241 0.006944
0 0.400223 0.027431 0.004018 0.011806
0 0.352902 0.861458 0.003125 0.015972
0 0.042299 0.028819 0.004241 0.010417
0 0.144643 0.684028 0.002679 0.011111
0 0.298326 0.028125 0.003795 0.011806
0 0.146987 0.046875 0.001563 0.011806
0 0.483371 0.054167 0.002009 0.018056
0 0.072991 0.990278 0.002232 0.009722
0 0.347545 0.950347 0.002232 0.010417
0 0.644420 0.740278 0.002232 0.009722
