0 0.520647 0.195486 0.031473 0.160417
0 0.041741 0.090972 0.010714 0.033333
0 0.025000 0.438194 0.010714 0.033333
0 0.503906 0.259375 0.018527 0.018750
0 0.513058 0.116667 0.012277 0.041667
0 0.498772 0.155556 0.014063 0.059722
0 0.526228 0.309375 0.009598 0.040972
0 0.504687 0.076389 0.015625 0.034722
0 0.006696 0.090972 0.007143 0.033333
0 0.523772 0.072222 0.007366 0.034722
0 0.024777 0.164236 0.009375 0.020139
0 0.558705 0.517361 0.007143 0.019444
0 0.008147 0.151736 0.008705 0.015972
0 0.180580 0.038542 0.007589 0.028472
0 0.350112 0.654514 0.015402 0.011806
0 0.429576 0.029861 0.004687 0.023611
0 0.516295 0.373958 0.006696 0.021528
0 0.516964 0.083333 0.003571 0.034722
0 0.337388 0.641319 0.003348 0.020139
0 0.516741 0.280208 0.004018 0.028472
0 0.517522 0.335417 0.005580 0.015278
0 0.536830 0.960417 0.004018 0.012500
0 0.534598 0.106250 0.004018 0.012500
0 0.558929 0.047222 0.004018 0.012500
0 0.528571 0.648958 0.004911 0.013194
0 0.498549 0.109375 0.004687 0.021528
0 0.577902 0.697917 0.005357 0.012500
0 0.534821 0.141667 0.005804 0.011111
0 0.628795 0.025000 0.003571 0.008333
0 0.606473 0.025000 0.003571 0.008333
0 0.498437 0.135417 0.004464 0.023611
0 0.150893 0.045833 0.004911 0.009722
0 0.532031 0.046875 0.003348 0.010417
0 0.482143 0.062847 0.004464 0.035417
0 0.349554 0.961806 0.004018 0.012500
0 0.526674 0.122222 0.002009 0.023611
0 0.358817 0.961111 0.004241 0.015278
0 0.145089 0.305903 0.003571 0.014583
0 0.380246 0.954514 0.004241 0.014583
0 0.361272 0.954167 0.004241 0.015278
0 0.145089 0.349653 0.003571 0.014583
0 0.377232 0.960764 0.004018 0.014583
0 0.139732 0.046875 0.004911 0.014583
0 0.059933 0.988194 0.004687 0.009722
0 0.631362 0.738194 0.004687 0.009722
0 0.435714 0.036458 0.004911 0.013194
0 0.499330 0.209028 0.002679 0.019444
0 0.532031 0.078819 0.002902 0.031250
0 0.192188 0.057986 0.005804 0.004861
0 0.535603 0.033681 0.003348 0.010417
0 0.092969 0.981250 0.004241 0.006944
0 0.664397 0.731250 0.004241 0.006944
0 0.521652 0.345486 0.002232 0.015972
0 0.538839 0.261111 0.002679 0.009722
0 0.529129 0.106597 0.002902 0.013194
0 0.517522 0.401389 0.002455 0.016667
0 0.042299 0.028819 0.004241 0.010417
0 0.513170 0.097917 0.001786 0.008333
0 0.417857 0.048264 0.003125 0.004861
0 0.146987 0.046875 0.001563 0.011806
0 0.527009 0.381597 0.001786 0.011806
0 0.426674 0.111458 0.002455 0.009028
0 0.072991 0.990278 0.002232 0.009722
0 0.347545 0.950347 0.002232 0.010417
0 0.644420 0.740278 0.002232 0.009722
