0 0.189174 0.162847 0.033705 0.107639
0 0.180804 0.052431 0.032143 0.068750
0 0.182143 0.244097 0.023661 0.088194
0 0.162612 0.110417 0.016741 0.102778
0 0.041741 0.090972 0.010714 0.033333
0 0.195759 0.259722 0.021429 0.051389
0 0.025000 0.438194 0.010714 0.033333
0 0.174442 0.147917 0.017188 0.050000
0 0.159821 0.264236 0.020982 0.077083
0 0.155246 0.214931 0.010491 0.056250
0 0.006696 0.090972 0.007143 0.033333
0 0.174888 0.344444 0.006473 0.048611
0 0.024777 0.164236 0.009375 0.020139
0 0.558705 0.517361 0.007143 0.019444
0 0.008147 0.151736 0.008705 0.015972
0 0.176897 0.098611 0.003348 0.043056
0 0.165960 0.207986 0.005134 0.029861
0 0.169531 0.119792 0.005580 0.014583
0 0.292299 0.065278 0.010491 0.008333
0 0.536830 0.960417 0.004018 0.012500
0 0.534598 0.106250 0.004018 0.012500
0 0.558929 0.047222 0.004018 0.012500
0 0.165960 0.294792 0.002902 0.029861
0 0.160603 0.332292 0.003348 0.034028
0 0.283817 0.036806 0.008705 0.016667
0 0.528571 0.648958 0.004911 0.013194
0 0.174665 0.288889 0.002902 0.029167
0 0.196317 0.068403 0.002902 0.024306
0 0.577902 0.697917 0.005357 0.012500
0 0.628795 0.025000 0.003571 0.008333
0 0.606473 0.025000 0.003571 0.008333
0 0.150893 0.045833 0.004911 0.009722
0 0.532031 0.046875 0.003348 0.010417
0 0.171987 0.389583 0.007366 0.019444
0 0.349554 0.961806 0.004018 0.012500
0 0.482143 0.062847 0.004464 0.035417
0 0.190625 0.102083 0.002679 0.019444
0 0.145089 0.305556 0.003571 0.015278
0 0.358817 0.961111 0.004241 0.015278
0 0.188281 0.253125 0.002902 0.014583
0 0.198996 0.098264 0.005134 0.014583
0 0.380246 0.954514 0.004241 0.014583
0 0.361272 0.954167 0.004241 0.015278
0 0.145089 0.349653 0.003571 0.014583
0 0.286161 0.049653 0.005804 0.011806
0 0.143080 0.094097 0.004018 0.009028
0 0.377232 0.960764 0.004018 0.014583
0 0.139732 0.046875 0.004911 0.014583
0 0.174107 0.125694 0.002679 0.009722
0 0.148549 0.178819 0.002009 0.018750
0 0.059933 0.988194 0.004687 0.009722
0 0.631362 0.738194 0.004687 0.009722
0 0.208482 0.173958 0.003125 0.010417
0 0.532031 0.078819 0.002902 0.031250
0 0.190960 0.083333 0.003795 0.011111
0 0.535603 0.033681 0.003348 0.010417
0 0.092969 0.981250 0.004241 0.006944
0 0.664397 0.731250 0.004241 0.006944
0 0.153683 0.055903 0.002009 0.010417
0 0.151451 0.164236 0.004241 0.007639
0 0.177344 0.456250 0.001563 0.016667
0 0.191964 0.064583 0.004018 0.009722
0 0.162612 0.200000 0.002902 0.008333
0 0.190848 0.238542 0.003125 0.007639
0 0.162946 0.181597 0.004464 0.007639
0 0.181138 0.319444 0.001563 0.015278
0 0.042299 0.028819 0.004241 0.010417
0 0.168862 0.439583 0.003348 0.011111
0 0.146987 0.046875 0.001563 0.011806
0 0.367969 0.397917 0.002009 0.008333
0 0.492076 0.060417 0.002009 0.012500
0 0.072991 0.990278 0.002232 0.009722
0 0.347545 0.950347 0.002232 0.010417
0 0.644420 0.740278 0.002232 0.009722
