0 0.490513 0.248264 0.047545 0.185417
0 0.497879 0.095139 0.032366 0.072222
0 0.464397 0.078125 0.026116 0.085417
0 0.041741 0.090972 0.010714 0.033333
0 0.025000 0.438194 0.010714 0.033333
0 0.470201 0.304167 0.020759 0.034722
0 0.456920 0.186458 0.020089 0.067361
0 0.474107 0.149653 0.012054 0.049306
0 0.500335 0.371528 0.014063 0.043056
0 0.501786 0.153472 0.010714 0.055556
0 0.006696 0.090972 0.007143 0.033333
0 0.455804 0.147222 0.007143 0.055556
0 0.515402 0.091319 0.016071 0.021528
0 0.482589 0.117361 0.005357 0.038889
0 0.024777 0.164236 0.009375 0.020139
0 0.486719 0.431250 0.010491 0.029167
0 0.558705 0.517361 0.007143 0.019444
0 0.008147 0.151736 0.008705 0.015972
0 0.486272 0.331597 0.005134 0.032639
0 0.509263 0.150694 0.003348 0.040278
0 0.488058 0.391667 0.008259 0.019444
0 0.473326 0.111458 0.005580 0.018750
0 0.483594 0.063194 0.007366 0.036111
0 0.483705 0.150694 0.005804 0.018056
0 0.517522 0.321181 0.006027 0.024306
0 0.536830 0.960417 0.004018 0.012500
0 0.534598 0.106250 0.004018 0.012500
0 0.558929 0.047222 0.004018 0.012500
0 0.488728 0.463542 0.004687 0.035417
0 0.528571 0.648958 0.004911 0.013194
0 0.458705 0.241319 0.003571 0.021528
0 0.468527 0.025000 0.007589 0.011111
0 0.494308 0.405208 0.003348 0.017361
0 0.577902 0.697917 0.005357 0.012500
0 0.628795 0.025000 0.003571 0.008333
0 0.606473 0.025000 0.003571 0.008333
0 0.150893 0.045833 0.004911 0.009722
0 0.531138 0.171875 0.004241 0.018750
0 0.502455 0.453472 0.003571 0.025000
0 0.532031 0.046875 0.003348 0.010417
0 0.452121 0.251042 0.002455 0.029861
0 0.349554 0.961806 0.004018 0.012500
0 0.358817 0.961111 0.004241 0.015278
0 0.466406 0.266319 0.002902 0.014583
0 0.477344 0.131250 0.002902 0.009722
0 0.322991 0.438889 0.008036 0.006944
0 0.380246 0.954514 0.004241 0.014583
0 0.361272 0.954167 0.004241 0.015278
0 0.145089 0.305903 0.003571 0.014583
0 0.377232 0.960764 0.004018 0.014583
0 0.145089 0.349653 0.003571 0.014583
0 0.139732 0.046875 0.004911 0.014583
0 0.518304 0.204861 0.003571 0.008333
0 0.059933 0.988194 0.004687 0.009722
0 0.631362 0.738194 0.004687 0.009722
0 0.532031 0.078819 0.002902 0.031250
0 0.457813 0.339236 0.005357 0.013194
0 0.490290 0.353819 0.003348 0.011806
0 0.349554 0.059722 0.002679 0.013889
0 0.535603 0.033681 0.003348 0.010417
0 0.092969 0.981250 0.004241 0.006944
0 0.664397 0.731250 0.004241 0.006944
0 0.513616 0.363542 0.002679 0.017361
0 0.518638 0.126736 0.002009 0.009028
0 0.350223 0.085069 0.003571 0.009028
0 0.458036 0.411458 0.001339 0.015972
0 0.042299 0.028819 0.004241 0.010417
0 0.501897 0.179514 0.002455 0.007639
0 0.452567 0.026736 0.002902 0.007639
0 0.516964 0.298264 0.001786 0.015972
0 0.311384 0.431944 0.001786 0.009722
0 0.508482 0.515278 0.001339 0.013889
0 0.146987 0.046875 0.001563 0.011806
0 0.481585 0.234375 0.001563 0.010417
0 0.072991 0.990278 0.002232 0.009722
0 0.347545 0.950347 0.002232 0.010417
0 0.644420 0.740278 0.002232 0.009722
