0 0.455804 0.122917 0.058036 0.129167
0 0.429241 0.131944 0.013393 0.062500
0 0.041741 0.090972 0.010714 0.033333
0 0.449888 0.160069 0.023884 0.046528
0 0.025000 0.438194 0.010714 0.033333
0 0.429241 0.065278 0.017411 0.036111
0 0.226116 0.044792 0.021875 0.053472
0 0.406585 0.119792 0.027009 0.049306
0 0.469866 0.216667 0.016964 0.040278
0 0.140513 0.486111 0.010937 0.025000
0 0.414062 0.034028 0.016964 0.031944
0 0.403683 0.076736 0.012277 0.047917
0 0.435937 0.192708 0.015625 0.013194
0 0.006696 0.090972 0.007143 0.033333
0 0.247210 0.036111 0.016741 0.033333
0 0.420201 0.210417 0.007366 0.044444
0 0.440402 0.035069 0.006250 0.032639
0 0.463393 0.049653 0.008036 0.042361
0 0.416295 0.092361 0.009821 0.025000
0 0.452232 0.026042 0.012500 0.015972
0 0.454576 0.278819 0.014063 0.013194
0 0.024777 0.164236 0.009375 0.020139
0 0.222879 0.057639 0.009152 0.034722
0 0.558705 0.517361 0.007143 0.019444
0 0.430804 0.619097 0.013393 0.011806
0 0.242076 0.103472 0.010937 0.045833
0 0.008147 0.151736 0.008705 0.015972
0 0.455134 0.244792 0.011161 0.010417
0 0.474665 0.036111 0.003795 0.036111
0 0.427679 0.036806 0.008036 0.012500
0 0.475335 0.132292 0.010491 0.010417
0 0.227232 0.098264 0.006250 0.022917
0 0.442746 0.059375 0.008259 0.011806
0 0.450112 0.203472 0.004241 0.018056
0 0.458371 0.302431 0.005580 0.031250
0 0.228460 0.126736 0.007812 0.015972
0 0.423326 0.170139 0.004687 0.022222
0 0.536830 0.960417 0.004018 0.012500
0 0.534598 0.106250 0.004018 0.012500
0 0.558929 0.047222 0.004018 0.012500
0 0.411607 0.154861 0.004464 0.019444
0 0.528571 0.648958 0.004911 0.013194
0 0.402567 0.168056 0.002902 0.025000
0 0.210268 0.029167 0.006696 0.019444
0 0.433594 0.043056 0.003795 0.018056
0 0.463393 0.250347 0.004018 0.017361
0 0.151339 0.022917 0.007589 0.009722
0 0.487612 0.152778 0.002902 0.026389
0 0.452902 0.193056 0.002679 0.015278
0 0.577902 0.697917 0.005357 0.012500
0 0.628795 0.025000 0.003571 0.008333
0 0.606473 0.025000 0.003571 0.008333
0 0.150893 0.045833 0.004911 0.009722
0 0.412723 0.234375 0.010714 0.009028
0 0.475223 0.279861 0.004018 0.020833
0 0.532031 0.046875 0.003348 0.010417
0 0.482143 0.062847 0.004464 0.035417
0 0.349554 0.961806 0.004018 0.012500
0 0.431362 0.175347 0.002455 0.017361
0 0.251004 0.080903 0.004241 0.022917
0 0.358817 0.961111 0.004241 0.015278
0 0.237388 0.066667 0.002902 0.022222
0 0.490848 0.165972 0.004464 0.006944
0 0.380246 0.954514 0.004241 0.014583
0 0.361272 0.954167 0.004241 0.015278
0 0.145089 0.349653 0.003571 0.014583
0 0.139844 0.046875 0.005134 0.014583
0 0.377232 0.960764 0.004018 0.014583
0 0.145089 0.305903 0.003571 0.014583
0 0.244196 0.062153 0.003125 0.017361
0 0.059933 0.988194 0.004687 0.009722
0 0.631362 0.738194 0.004687 0.009722
0 0.415625 0.294792 0.001786 0.014583
0 0.457031 0.212847 0.004687 0.007639
0 0.532031 0.078819 0.002902 0.031250
0 0.247768 0.021528 0.004911 0.006944
0 0.535603 0.033681 0.003348 0.010417
0 0.092969 0.981250 0.004241 0.006944
0 0.664397 0.731250 0.004241 0.006944
0 0.486049 0.198611 0.002902 0.013889
0 0.464621 0.030208 0.002902 0.009028
0 0.402455 0.040972 0.004018 0.006944
0 0.042299 0.028819 0.004241 0.010417
0 0.442076 0.127083 0.002009 0.008333
0 0.405580 0.259722 0.004018 0.005556
0 0.469196 0.031250 0.004464 0.004167
0 0.414844 0.070139 0.005580 0.005556
0 0.146987 0.046875 0.001563 0.011806
0 0.400223 0.023611 0.003571 0.005556
0 0.466295 0.067708 0.003125 0.004861
0 0.484263 0.319444 0.001563 0.009722
0 0.422656 0.599306 0.002009 0.009722
0 0.072991 0.990278 0.002232 0.009722
0 0.347545 0.950347 0.002232 0.010417
0 0.644420 0.740278 0.002232 0.009722
