0 0.513728 0.165972 0.067634 0.163889
0 0.149330 0.473611 0.025893 0.031944
0 0.041741 0.090972 0.010714 0.033333
0 0.025000 0.438194 0.010714 0.033333
0 0.547098 0.305903 0.018304 0.077083
0 0.494978 0.223958 0.014063 0.054861
0 0.518192 0.232639 0.016741 0.031944
0 0.510938 0.190278 0.012500 0.037500
0 0.556362 0.168056 0.012723 0.026389
0 0.539397 0.126736 0.009152 0.021528
0 0.006696 0.090972 0.007143 0.033333
0 0.509933 0.072917 0.006920 0.029167
0 0.024777 0.164236 0.009375 0.020139
0 0.558705 0.517361 0.007143 0.019444
0 0.008147 0.151736 0.008705 0.015972
0 0.556696 0.246875 0.004911 0.027083
0 0.547210 0.127431 0.005580 0.018750
0 0.549219 0.384722 0.004241 0.026389
0 0.542522 0.245139 0.005134 0.029167
0 0.560379 0.212847 0.006473 0.015972
0 0.501451 0.302778 0.006473 0.009722
0 0.504799 0.270486 0.006027 0.014583
0 0.536830 0.960417 0.004018 0.012500
0 0.534598 0.106250 0.004018 0.012500
0 0.558929 0.047222 0.004018 0.012500
0 0.541964 0.400000 0.003571 0.019444
0 0.528571 0.648958 0.004911 0.013194
0 0.337277 0.054861 0.008929 0.008333
0 0.487723 0.280208 0.004018 0.021528
0 0.498884 0.267014 0.003571 0.021528
0 0.340402 0.023264 0.007589 0.010417
0 0.499777 0.324653 0.003571 0.027083
0 0.340513 0.085764 0.004687 0.010417
0 0.577902 0.697917 0.005357 0.012500
0 0.628795 0.025000 0.003571 0.008333
0 0.606473 0.025000 0.003571 0.008333
0 0.150893 0.045833 0.004911 0.009722
0 0.555804 0.379514 0.006250 0.010417
0 0.532031 0.046875 0.003348 0.010417
0 0.498772 0.077431 0.004687 0.013194
0 0.519643 0.222222 0.004018 0.011111
0 0.482143 0.062153 0.004464 0.034028
0 0.349554 0.961806 0.004018 0.012500
0 0.558929 0.142361 0.007143 0.008333
0 0.561272 0.093056 0.004687 0.006944
0 0.358817 0.961111 0.004241 0.015278
0 0.558482 0.113542 0.003571 0.007639
0 0.532589 0.276389 0.002232 0.015278
0 0.380246 0.954514 0.004241 0.014583
0 0.361272 0.954167 0.004241 0.015278
0 0.145089 0.349653 0.003571 0.014583
0 0.145089 0.305903 0.003571 0.014583
0 0.550335 0.203819 0.003795 0.009028
0 0.377232 0.960764 0.004018 0.014583
0 0.139732 0.046875 0.004911 0.014583
0 0.059933 0.988194 0.004687 0.009722
0 0.631362 0.738194 0.004687 0.009722
0 0.532031 0.078819 0.002902 0.031250
0 0.533817 0.295833 0.003348 0.009722
0 0.535603 0.033681 0.003348 0.010417
0 0.493415 0.296875 0.004241 0.006250
0 0.092969 0.981250 0.004241 0.006944
0 0.664397 0.731250 0.004241 0.006944
0 0.560826 0.349306 0.005580 0.009722
0 0.505692 0.349306 0.003795 0.006944
0 0.493192 0.072917 0.002455 0.008333
0 0.526897 0.097917 0.003795 0.005556
0 0.525558 0.169792 0.002009 0.009028
0 0.548884 0.264583 0.001339 0.012500
0 0.042299 0.028819 0.004241 0.010417
0 0.506808 0.080903 0.002902 0.006250
0 0.320201 0.021528 0.003348 0.006944
0 0.494531 0.314931 0.003795 0.006250
0 0.146987 0.046875 0.001563 0.011806
0 0.506473 0.239583 0.003571 0.006944
0 0.492076 0.060417 0.002009 0.012500
0 0.072991 0.990278 0.002232 0.009722
0 0.347545 0.950347 0.002232 0.010417
0 0.644420 0.740278 0.002232 0.009722
