0 0.475893 0.112847 0.074107 0.174306
0 0.195536 0.570139 0.030804 0.043056
0 0.041741 0.090972 0.010714 0.033333
0 0.508371 0.078819 0.020759 0.034028
0 0.025000 0.438194 0.010714 0.033333
0 0.535826 0.175000 0.028348 0.045833
0 0.513839 0.252778 0.019196 0.065278
0 0.474888 0.149306 0.016295 0.036111
0 0.456808 0.182292 0.015848 0.050694
0 0.484152 0.194792 0.015625 0.018750
0 0.471429 0.034722 0.007589 0.033333
0 0.006696 0.090972 0.007143 0.033333
0 0.535268 0.130208 0.010268 0.034028
0 0.520201 0.123264 0.009598 0.024306
0 0.024777 0.164236 0.009375 0.020139
0 0.558705 0.517361 0.007143 0.019444
0 0.533482 0.224653 0.005357 0.031250
0 0.008147 0.151736 0.008705 0.015972
0 0.270089 0.055208 0.007143 0.024306
0 0.469754 0.228125 0.010045 0.020139
0 0.483147 0.063542 0.008259 0.036806
0 0.257031 0.047222 0.010045 0.011111
0 0.523103 0.195486 0.005134 0.024306
0 0.508259 0.195833 0.005357 0.027778
0 0.516518 0.323264 0.004018 0.024306
0 0.266295 0.026736 0.011161 0.017361
0 0.464621 0.255903 0.006920 0.009028
0 0.182143 0.057292 0.009821 0.015972
0 0.536830 0.960417 0.004018 0.012500
0 0.534598 0.106250 0.004018 0.012500
0 0.558929 0.047222 0.004018 0.012500
0 0.543750 0.254167 0.007143 0.026389
0 0.528571 0.648958 0.004911 0.013194
0 0.509263 0.338542 0.003348 0.017361
0 0.462946 0.278472 0.004018 0.030556
0 0.461384 0.222917 0.004018 0.020833
0 0.449107 0.236458 0.004464 0.020139
0 0.577902 0.697917 0.005357 0.012500
0 0.628795 0.025000 0.003571 0.008333
0 0.606473 0.025000 0.003571 0.008333
0 0.150893 0.045833 0.004911 0.009722
0 0.474330 0.180903 0.002679 0.014583
0 0.523214 0.072222 0.005357 0.006944
0 0.532031 0.046875 0.003348 0.010417
0 0.284375 0.476389 0.003125 0.016667
0 0.349554 0.961806 0.004018 0.012500
0 0.523326 0.317014 0.006473 0.009028
0 0.524442 0.098611 0.007366 0.008333
0 0.497991 0.227083 0.002232 0.016667
0 0.358817 0.961111 0.004241 0.015278
0 0.380246 0.954514 0.004241 0.014583
0 0.361272 0.954167 0.004241 0.015278
0 0.145089 0.349653 0.003571 0.014583
0 0.145089 0.305903 0.003571 0.014583
0 0.515960 0.156944 0.004241 0.008333
0 0.377232 0.960764 0.004018 0.014583
0 0.139732 0.046875 0.004911 0.014583
0 0.059933 0.988194 0.004687 0.009722
0 0.631362 0.738194 0.004687 0.009722
0 0.277679 0.489931 0.004464 0.006250
0 0.532031 0.078819 0.002902 0.031250
0 0.273214 0.107639 0.002679 0.018056
0 0.525893 0.114931 0.004911 0.007639
0 0.535603 0.033681 0.003348 0.010417
0 0.499442 0.244097 0.003348 0.009028
0 0.455692 0.251389 0.004687 0.005556
0 0.092969 0.981250 0.004241 0.006944
0 0.664397 0.731250 0.004241 0.006944
0 0.469754 0.298264 0.004241 0.006250
0 0.183482 0.072569 0.008036 0.006250
0 0.469754 0.195486 0.004241 0.006250
0 0.461161 0.021875 0.002679 0.007639
0 0.489286 0.127778 0.002232 0.008333
0 0.528906 0.288542 0.004241 0.009028
0 0.515067 0.212847 0.001563 0.011806
0 0.252232 0.099653 0.003571 0.006250
0 0.468080 0.045486 0.003125 0.006250
0 0.042299 0.028819 0.004241 0.010417
0 0.443527 0.148264 0.002232 0.014583
0 0.444978 0.072222 0.003795 0.005556
0 0.276786 0.042014 0.001786 0.014583
0 0.473438 0.264583 0.002679 0.005556
0 0.146987 0.046875 0.001563 0.011806
0 0.457143 0.268056 0.004018 0.005556
0 0.505580 0.219444 0.003125 0.005556
0 0.072991 0.990278 0.002232 0.009722
0 0.347545 0.950347 0.002232 0.010417
0 0.644420 0.740278 0.002232 0.009722
