0 0.382254 0.140278 0.063170 0.122222
0 0.354576 0.150347 0.016741 0.064583
0 0.041741 0.090972 0.010714 0.033333
0 0.377232 0.177083 0.025000 0.047222
0 0.386719 0.041667 0.038170 0.047222
0 0.025000 0.438194 0.010714 0.033333
0 0.329129 0.140972 0.030134 0.050000
0 0.399554 0.231944 0.018304 0.043056
0 0.143973 0.064236 0.017857 0.061806
0 0.363616 0.212500 0.016071 0.013889
0 0.347545 0.023264 0.015625 0.010417
0 0.327232 0.100347 0.009375 0.039583
0 0.345647 0.233681 0.009152 0.047917
0 0.006696 0.090972 0.007143 0.033333
0 0.355915 0.089931 0.008705 0.018750
0 0.383929 0.297569 0.015625 0.011806
0 0.024777 0.164236 0.009375 0.020139
0 0.340067 0.111806 0.008705 0.022222
0 0.558705 0.517361 0.007143 0.019444
0 0.391629 0.670486 0.014509 0.014583
0 0.384040 0.262847 0.011830 0.009028
0 0.008147 0.151736 0.008705 0.015972
0 0.139955 0.143750 0.009821 0.047222
0 0.389844 0.058681 0.008259 0.015972
0 0.331362 0.056944 0.010045 0.012500
0 0.377902 0.658333 0.004464 0.023611
0 0.378125 0.221181 0.004911 0.018750
0 0.403683 0.144444 0.011384 0.009722
0 0.348214 0.190625 0.004911 0.024306
0 0.388728 0.322222 0.005580 0.031944
0 0.335268 0.176042 0.004911 0.020139
0 0.348214 0.086458 0.005357 0.011806
0 0.325446 0.190972 0.003125 0.026389
0 0.536830 0.960417 0.004018 0.012500
0 0.534598 0.106250 0.004018 0.012500
0 0.558929 0.047222 0.004018 0.012500
0 0.351897 0.054167 0.006473 0.006944
0 0.148103 0.116667 0.005580 0.025000
0 0.362835 0.057986 0.003348 0.014583
0 0.393080 0.267708 0.004464 0.018750
0 0.357366 0.058681 0.004464 0.015972
0 0.528571 0.648958 0.004911 0.013194
0 0.416964 0.164236 0.002679 0.027083
0 0.381027 0.210069 0.003125 0.015972
0 0.337946 0.259028 0.012054 0.008333
0 0.142411 0.024653 0.004911 0.010417
0 0.406027 0.296181 0.004018 0.021528
0 0.577902 0.697917 0.005357 0.012500
0 0.357143 0.194097 0.002679 0.020139
0 0.628795 0.025000 0.003571 0.008333
0 0.606473 0.025000 0.003571 0.008333
0 0.139397 0.096875 0.004241 0.018750
0 0.150893 0.045833 0.004911 0.009722
0 0.420871 0.177083 0.005134 0.006944
0 0.532031 0.046875 0.003348 0.010417
0 0.482143 0.062847 0.004464 0.035417
0 0.349554 0.961806 0.004018 0.012500
0 0.428013 0.048958 0.003795 0.015972
0 0.358817 0.961111 0.004241 0.015278
0 0.380246 0.954514 0.004241 0.014583
0 0.361272 0.954167 0.004241 0.015278
0 0.342076 0.321181 0.002009 0.014583
0 0.145089 0.305903 0.003571 0.014583
0 0.145089 0.349653 0.003571 0.014583
0 0.339286 0.062847 0.004464 0.006250
0 0.377232 0.960764 0.004018 0.014583
0 0.385603 0.230208 0.004687 0.007639
0 0.059933 0.988194 0.004687 0.009722
0 0.631362 0.738194 0.004687 0.009722
0 0.532031 0.078819 0.002902 0.031250
0 0.335268 0.101042 0.004018 0.007639
0 0.416183 0.211111 0.002902 0.015278
0 0.535603 0.033681 0.003348 0.010417
0 0.318192 0.061458 0.002455 0.010417
0 0.092969 0.981250 0.004241 0.006944
0 0.664397 0.731250 0.004241 0.006944
0 0.368080 0.143403 0.002232 0.009028
0 0.411942 0.023264 0.002455 0.007639
0 0.337054 0.087153 0.006250 0.006250
0 0.322656 0.057986 0.005580 0.004861
0 0.415737 0.082639 0.002902 0.006944
0 0.416295 0.334722 0.001786 0.009722
0 0.147879 0.192014 0.004687 0.006250
0 0.042299 0.028819 0.004241 0.010417
0 0.307366 0.149306 0.001786 0.018056
0 0.153795 0.132639 0.004464 0.011111
0 0.392969 0.079514 0.003348 0.004861
0 0.140513 0.213194 0.001563 0.012500
0 0.330580 0.285764 0.004018 0.004861
0 0.341406 0.199306 0.001563 0.011111
0 0.381027 0.333333 0.004018 0.004167
0 0.072991 0.990278 0.002232 0.009722
0 0.347545 0.950347 0.002232 0.010417
0 0.644420 0.740278 0.002232 0.009722
