0 0.476339 0.106944 0.072768 0.156944
0 0.250893 0.500347 0.029018 0.035417
0 0.041741 0.090972 0.010714 0.033333
0 0.025000 0.438194 0.010714 0.033333
0 0.508482 0.071181 0.019196 0.029861
0 0.266071 0.039583 0.023214 0.043056
0 0.535603 0.155208 0.027009 0.045139
0 0.476004 0.140972 0.016295 0.031944
0 0.514286 0.232986 0.018750 0.059028
0 0.457701 0.175694 0.015848 0.047222
0 0.169643 0.099653 0.021429 0.038194
0 0.484821 0.182639 0.015625 0.013889
0 0.006696 0.090972 0.007143 0.033333
0 0.471652 0.033681 0.007143 0.031250
0 0.238839 0.031597 0.008482 0.027083
0 0.534375 0.116667 0.009821 0.026389
0 0.024777 0.164236 0.009375 0.020139
0 0.558705 0.517361 0.007143 0.019444
0 0.520982 0.109375 0.006696 0.022917
0 0.008147 0.151736 0.008705 0.015972
0 0.533036 0.203472 0.005357 0.029167
0 0.266853 0.079861 0.007366 0.023611
0 0.470982 0.217014 0.010714 0.017361
0 0.482478 0.062847 0.006920 0.035417
0 0.522768 0.177778 0.004911 0.022222
0 0.517188 0.300347 0.004018 0.022917
0 0.253571 0.073264 0.009375 0.009028
0 0.508371 0.177778 0.005134 0.020833
0 0.465737 0.244097 0.006920 0.009028
0 0.536830 0.960417 0.004018 0.012500
0 0.534598 0.106250 0.004018 0.012500
0 0.558929 0.047222 0.004018 0.012500
0 0.528571 0.648958 0.004911 0.013194
0 0.543304 0.230556 0.006696 0.025000
0 0.509933 0.315972 0.003348 0.016667
0 0.248438 0.032639 0.008929 0.006944
0 0.450223 0.227778 0.004464 0.019444
0 0.464174 0.263542 0.003795 0.024306
0 0.577902 0.697917 0.005357 0.012500
0 0.628795 0.025000 0.003571 0.008333
0 0.606473 0.025000 0.003571 0.008333
0 0.150893 0.045833 0.004911 0.009722
0 0.462277 0.212847 0.003571 0.018750
0 0.475112 0.170833 0.002455 0.013889
0 0.532031 0.046875 0.003348 0.010417
0 0.349554 0.961806 0.004018 0.012500
0 0.300781 0.463194 0.006920 0.013889
0 0.523661 0.292708 0.006250 0.007639
0 0.358817 0.961111 0.004241 0.015278
0 0.522321 0.062153 0.004911 0.006250
0 0.288951 0.466319 0.006027 0.010417
0 0.380246 0.954514 0.004241 0.014583
0 0.498661 0.211458 0.002232 0.015972
0 0.361272 0.954167 0.004241 0.015278
0 0.145089 0.349653 0.003571 0.014583
0 0.145089 0.305903 0.003571 0.014583
0 0.248326 0.126736 0.004687 0.006250
0 0.377232 0.960764 0.004018 0.014583
0 0.523549 0.086806 0.006920 0.006944
0 0.139732 0.046875 0.004911 0.014583
0 0.059933 0.988194 0.004687 0.009722
0 0.631362 0.738194 0.004687 0.009722
0 0.532031 0.078819 0.002902 0.031250
0 0.525000 0.101736 0.004464 0.007639
0 0.270201 0.130903 0.002902 0.017361
0 0.535603 0.033681 0.003348 0.010417
0 0.515737 0.141667 0.003795 0.006944
0 0.092969 0.981250 0.004241 0.006944
0 0.664397 0.731250 0.004241 0.006944
0 0.456920 0.241319 0.004464 0.004861
0 0.470647 0.185764 0.004241 0.006250
0 0.470982 0.284028 0.004018 0.005556
0 0.500335 0.227431 0.002902 0.009028
0 0.461607 0.021875 0.002679 0.007639
0 0.489621 0.118750 0.002009 0.008333
0 0.042299 0.028819 0.004241 0.010417
0 0.468415 0.043750 0.003348 0.005556
0 0.192299 0.022569 0.002009 0.009028
0 0.515067 0.195139 0.001563 0.011111
0 0.474888 0.251042 0.002902 0.004861
0 0.146987 0.046875 0.001563 0.011806
0 0.444531 0.144792 0.002009 0.013194
0 0.072991 0.990278 0.002232 0.009722
0 0.347545 0.950347 0.002232 0.010417
0 0.644420 0.740278 0.002232 0.009722
