0 0.434152 0.121528 0.057143 0.127778
0 0.408147 0.131250 0.013616 0.062500
0 0.041741 0.090972 0.010714 0.033333
0 0.428571 0.159375 0.023661 0.045139
0 0.025000 0.438194 0.010714 0.033333
0 0.406696 0.064931 0.019196 0.036806
0 0.206027 0.046181 0.020536 0.056250
0 0.385826 0.119792 0.027009 0.047917
0 0.448549 0.214583 0.016741 0.040278
0 0.415067 0.191667 0.015848 0.012500
0 0.226451 0.042361 0.017188 0.041667
0 0.006696 0.090972 0.007143 0.033333
0 0.399554 0.210417 0.007589 0.045833
0 0.418415 0.034375 0.005580 0.032639
0 0.202009 0.061111 0.009375 0.036111
0 0.433705 0.277083 0.014286 0.012500
0 0.430022 0.025694 0.012277 0.015278
0 0.395313 0.092014 0.009375 0.024306
0 0.024777 0.164236 0.009375 0.020139
0 0.558705 0.517361 0.007143 0.019444
0 0.221429 0.105903 0.011161 0.046528
0 0.008147 0.151736 0.008705 0.015972
0 0.439955 0.048958 0.004464 0.042361
0 0.434487 0.243056 0.011384 0.009722
0 0.405692 0.035069 0.008705 0.014583
0 0.452790 0.036806 0.004241 0.033333
0 0.384263 0.090625 0.008259 0.020139
0 0.402232 0.605903 0.004464 0.021528
0 0.206696 0.100694 0.006250 0.023611
0 0.453683 0.130903 0.010491 0.010417
0 0.208036 0.129167 0.008036 0.016667
0 0.429129 0.202083 0.004241 0.018056
0 0.402344 0.169792 0.004687 0.022917
0 0.420982 0.058333 0.007589 0.011111
0 0.437723 0.300694 0.005357 0.030556
0 0.536830 0.960417 0.004018 0.012500
0 0.534598 0.106250 0.004018 0.012500
0 0.558929 0.047222 0.004018 0.012500
0 0.390848 0.154514 0.004464 0.018750
0 0.528571 0.648958 0.004911 0.013194
0 0.189062 0.031944 0.006696 0.019444
0 0.381138 0.062153 0.007366 0.009028
0 0.382143 0.168056 0.002679 0.025000
0 0.409487 0.174653 0.004241 0.018750
0 0.431920 0.191667 0.002679 0.015278
0 0.577902 0.697917 0.005357 0.012500
0 0.442411 0.248958 0.004018 0.017361
0 0.217634 0.069792 0.004911 0.022917
0 0.628795 0.025000 0.003571 0.008333
0 0.606473 0.025000 0.003571 0.008333
0 0.150893 0.045833 0.004911 0.009722
0 0.230469 0.082986 0.004241 0.022917
0 0.532031 0.046875 0.003348 0.010417
0 0.349554 0.961806 0.004018 0.012500
0 0.454129 0.278125 0.003795 0.020139
0 0.398438 0.023264 0.004911 0.010417
0 0.193192 0.059375 0.008705 0.017361
0 0.482143 0.062847 0.004464 0.035417
0 0.139732 0.043750 0.004911 0.020833
0 0.412054 0.047917 0.004018 0.006944
0 0.358817 0.961111 0.004241 0.015278
0 0.391183 0.025000 0.005580 0.006944
0 0.468973 0.164236 0.004464 0.007639
0 0.380246 0.954514 0.004241 0.014583
0 0.361272 0.954167 0.004241 0.015278
0 0.223549 0.064236 0.003348 0.017361
0 0.377232 0.960764 0.004018 0.014583
0 0.145089 0.349653 0.003571 0.014583
0 0.145089 0.305903 0.003571 0.014583
0 0.226897 0.022222 0.005134 0.008333
0 0.059933 0.988194 0.004687 0.009722
0 0.631362 0.738194 0.004687 0.009722
0 0.443527 0.046875 0.004018 0.009028
0 0.465513 0.156944 0.002009 0.015278
0 0.532031 0.078819 0.002902 0.031250
0 0.390290 0.233333 0.006027 0.006944
0 0.435937 0.211458 0.004464 0.007639
0 0.535603 0.033681 0.003348 0.010417
0 0.395424 0.294444 0.001563 0.013889
0 0.465179 0.070833 0.003125 0.008333
0 0.092969 0.981250 0.004241 0.006944
0 0.664397 0.731250 0.004241 0.006944
0 0.140290 0.062847 0.003795 0.014583
0 0.464397 0.196528 0.002902 0.013889
0 0.142076 0.082292 0.005134 0.007639
0 0.393638 0.069792 0.005580 0.006250
0 0.042299 0.028819 0.004241 0.010417
0 0.420871 0.126389 0.002009 0.008333
0 0.447098 0.030556 0.004464 0.004167
0 0.444420 0.066667 0.003125 0.005556
0 0.146987 0.046875 0.001563 0.011806
0 0.463170 0.318403 0.001339 0.011806
0 0.385379 0.259028 0.003795 0.005556
0 0.492076 0.060417 0.002009 0.012500
0 0.072991 0.990278 0.002232 0.009722
0 0.347545 0.950347 0.002232 0.010417
0 0.644420 0.740278 0.002232 0.009722
