0 0.505804 0.151736 0.056696 0.142361
0 0.479018 0.156944 0.011607 0.069444
0 0.041741 0.090972 0.010714 0.033333
0 0.498884 0.188542 0.025000 0.049306
0 0.025000 0.438194 0.010714 0.033333
0 0.479353 0.075347 0.014509 0.060417
0 0.467411 0.043056 0.019643 0.050000
0 0.518527 0.252431 0.017411 0.040972
0 0.457589 0.138542 0.025893 0.052083
0 0.484263 0.221181 0.017188 0.014583
0 0.139509 0.461111 0.008929 0.023611
0 0.455804 0.096528 0.010714 0.045833
0 0.006696 0.090972 0.007143 0.033333
0 0.442969 0.673611 0.016741 0.016667
0 0.469643 0.236806 0.007143 0.048611
0 0.514286 0.077083 0.008482 0.037500
0 0.467299 0.112153 0.009152 0.027083
0 0.502344 0.315972 0.014063 0.016667
0 0.024777 0.164236 0.009375 0.020139
0 0.558705 0.517361 0.007143 0.019444
0 0.503460 0.280208 0.011384 0.011806
0 0.008147 0.151736 0.008705 0.015972
0 0.308371 0.100694 0.008705 0.047222
0 0.291853 0.027778 0.012277 0.018056
0 0.525335 0.067014 0.002902 0.024306
0 0.498996 0.235417 0.004241 0.019444
0 0.292411 0.046528 0.007589 0.022222
0 0.505804 0.342361 0.005804 0.031944
0 0.473103 0.195486 0.004687 0.024306
0 0.536830 0.960417 0.004018 0.012500
0 0.534598 0.106250 0.004018 0.012500
0 0.558929 0.047222 0.004018 0.012500
0 0.461942 0.177083 0.004687 0.019444
0 0.295871 0.093403 0.005134 0.022917
0 0.296540 0.120486 0.006473 0.017361
0 0.528571 0.648958 0.004911 0.013194
0 0.537277 0.187500 0.003571 0.029167
0 0.511607 0.287847 0.004018 0.017361
0 0.453237 0.189583 0.002902 0.026389
0 0.493527 0.083333 0.007143 0.006944
0 0.501897 0.224653 0.002902 0.015972
0 0.523214 0.321528 0.004464 0.022222
0 0.577902 0.697917 0.005357 0.012500
0 0.628795 0.025000 0.003571 0.008333
0 0.606473 0.025000 0.003571 0.008333
0 0.294308 0.065278 0.003795 0.012500
0 0.150893 0.045833 0.004911 0.009722
0 0.462388 0.261111 0.010045 0.011111
0 0.532031 0.046875 0.003348 0.010417
0 0.540513 0.202083 0.004687 0.008333
0 0.456250 0.664236 0.002679 0.015972
0 0.349554 0.961806 0.004018 0.012500
0 0.284263 0.051389 0.007812 0.018056
0 0.358817 0.961111 0.004241 0.015278
0 0.305692 0.064583 0.003795 0.020833
0 0.300335 0.059722 0.004241 0.013889
0 0.380246 0.954514 0.004241 0.014583
0 0.361272 0.954167 0.004241 0.015278
0 0.300112 0.023264 0.005134 0.010417
0 0.145089 0.349653 0.003571 0.014583
0 0.145089 0.305903 0.003571 0.014583
0 0.377232 0.960764 0.004018 0.014583
0 0.139732 0.046875 0.004911 0.014583
0 0.505692 0.246528 0.004687 0.008333
0 0.059933 0.988194 0.004687 0.009722
0 0.631362 0.738194 0.004687 0.009722
0 0.480804 0.204861 0.002232 0.013889
0 0.532031 0.078819 0.002902 0.031250
0 0.535603 0.033681 0.003348 0.010417
0 0.464062 0.324653 0.001786 0.014583
0 0.092969 0.981250 0.004241 0.006944
0 0.664397 0.731250 0.004241 0.006944
0 0.310603 0.058681 0.002455 0.015972
0 0.450558 0.060069 0.002009 0.011806
0 0.433929 0.654167 0.002232 0.009722
0 0.531585 0.367361 0.001563 0.012500
0 0.517076 0.092708 0.003348 0.006250
0 0.492076 0.152778 0.002009 0.008333
0 0.042299 0.028819 0.004241 0.010417
0 0.454353 0.056250 0.004687 0.005556
0 0.316406 0.085764 0.003348 0.010417
0 0.146987 0.046875 0.001563 0.011806
0 0.454799 0.285764 0.003795 0.006250
0 0.466071 0.088542 0.005357 0.006250
0 0.242857 0.067361 0.004018 0.006944
0 0.314174 0.020486 0.004241 0.004861
0 0.072991 0.990278 0.002232 0.009722
0 0.347545 0.950347 0.002232 0.010417
0 0.644420 0.740278 0.002232 0.009722
0 0.498437 0.351389 0.003571 0.005556
