0 0.450893 0.165972 0.062500 0.144444
0 0.451786 0.054514 0.047768 0.072917
0 0.422321 0.173611 0.013839 0.070833
0 0.410714 0.050000 0.029911 0.063889
0 0.444420 0.205208 0.026339 0.050694
0 0.041741 0.090972 0.010714 0.033333
0 0.422433 0.099653 0.018527 0.040972
0 0.025000 0.438194 0.010714 0.033333
0 0.214621 0.046181 0.020759 0.056250
0 0.466183 0.269097 0.018527 0.043750
0 0.398438 0.157292 0.028571 0.053472
0 0.429464 0.239931 0.017411 0.015972
0 0.396317 0.113889 0.010937 0.045833
0 0.459152 0.083681 0.008929 0.049306
0 0.234487 0.060417 0.016741 0.044444
0 0.412946 0.257292 0.008036 0.049306
0 0.434040 0.066667 0.006473 0.037500
0 0.006696 0.090972 0.007143 0.033333
0 0.408371 0.736458 0.012723 0.025694
0 0.408482 0.127778 0.010714 0.027778
0 0.449554 0.335417 0.015625 0.015278
0 0.450223 0.298611 0.012054 0.011111
0 0.229799 0.127431 0.011384 0.049306
0 0.024777 0.164236 0.009375 0.020139
0 0.558705 0.517361 0.007143 0.019444
0 0.008147 0.151736 0.008705 0.015972
0 0.420759 0.068750 0.008482 0.013889
0 0.471987 0.176736 0.011830 0.011806
0 0.140402 0.043750 0.009375 0.020833
0 0.436719 0.093750 0.008705 0.013889
0 0.210156 0.070486 0.008705 0.022917
0 0.444978 0.252778 0.004687 0.019444
0 0.416183 0.214236 0.005134 0.025694
0 0.453683 0.361806 0.006027 0.033333
0 0.214955 0.120833 0.006250 0.025000
0 0.216295 0.150347 0.007589 0.018750
0 0.403795 0.195833 0.004911 0.020833
0 0.208259 0.024653 0.008036 0.013194
0 0.149777 0.046875 0.007143 0.011806
0 0.227567 0.029167 0.005134 0.018056
0 0.536830 0.960417 0.004018 0.012500
0 0.534598 0.106250 0.004018 0.012500
0 0.558929 0.047222 0.004018 0.012500
0 0.394420 0.209722 0.003125 0.027778
0 0.459152 0.305208 0.004464 0.018750
0 0.485268 0.200694 0.003125 0.029167
0 0.234821 0.031250 0.005804 0.026389
0 0.240179 0.105903 0.007589 0.027083
0 0.471987 0.339583 0.005580 0.023611
0 0.447879 0.241667 0.002902 0.016667
0 0.528571 0.648958 0.004911 0.013194
0 0.498661 0.078125 0.004911 0.017361
0 0.197433 0.046875 0.006027 0.020139
0 0.154576 0.023264 0.004687 0.010417
0 0.423661 0.220139 0.004911 0.020833
0 0.212835 0.090972 0.004687 0.013889
0 0.405357 0.282986 0.011161 0.010417
0 0.202902 0.076736 0.010714 0.018750
0 0.488951 0.215278 0.005134 0.008333
0 0.577902 0.697917 0.005357 0.012500
0 0.628795 0.025000 0.003571 0.008333
0 0.606473 0.025000 0.003571 0.008333
0 0.427009 0.081597 0.004018 0.007639
0 0.225112 0.088889 0.003348 0.025000
0 0.532031 0.046875 0.003348 0.010417
0 0.349554 0.961806 0.004018 0.012500
0 0.144978 0.022569 0.006027 0.009028
0 0.358817 0.961111 0.004241 0.015278
0 0.482143 0.062500 0.004464 0.034722
0 0.426228 0.730208 0.002455 0.018750
0 0.231696 0.083681 0.003125 0.018750
0 0.380246 0.954514 0.004241 0.014583
0 0.361272 0.954167 0.004241 0.015278
0 0.145089 0.305903 0.003571 0.014583
0 0.452232 0.263889 0.004911 0.008333
0 0.221094 0.085069 0.002902 0.017361
0 0.145089 0.349653 0.003571 0.014583
0 0.408259 0.348611 0.001786 0.015278
0 0.377232 0.960764 0.004018 0.014583
0 0.484710 0.112500 0.004241 0.006944
0 0.059933 0.988194 0.004687 0.009722
0 0.631362 0.738194 0.004687 0.009722
0 0.532031 0.078819 0.002902 0.031250
0 0.150558 0.075347 0.003795 0.015972
0 0.535603 0.033681 0.003348 0.010417
0 0.401339 0.021875 0.004911 0.007639
0 0.481696 0.385069 0.001786 0.013194
0 0.483705 0.250347 0.003125 0.015972
0 0.465402 0.065278 0.004911 0.005556
0 0.200446 0.024653 0.004464 0.010417
0 0.092969 0.981250 0.004241 0.006944
0 0.664397 0.731250 0.004241 0.006944
0 0.436272 0.168056 0.002009 0.009722
0 0.407031 0.103819 0.006027 0.006250
0 0.462277 0.104861 0.003571 0.005556
0 0.152344 0.095833 0.005134 0.008333
0 0.393638 0.071181 0.005134 0.006250
0 0.397433 0.309375 0.004241 0.006250
0 0.042299 0.028819 0.004241 0.010417
0 0.445982 0.372222 0.004018 0.005556
0 0.409375 0.221875 0.001339 0.011806
0 0.453906 0.253819 0.003795 0.006250
0 0.237277 0.176736 0.003571 0.006250
0 0.072991 0.990278 0.002232 0.009722
0 0.347545 0.950347 0.002232 0.010417
0 0.644420 0.740278 0.002232 0.009722
0 0.460714 0.362153 0.004018 0.004861
