0 0.423661 0.117014 0.058929 0.125694
0 0.397321 0.128819 0.014732 0.061806
0 0.041741 0.090972 0.010714 0.033333
0 0.418304 0.155208 0.023661 0.045139
0 0.182254 0.048611 0.023884 0.061111
0 0.025000 0.438194 0.010714 0.033333
0 0.396987 0.053819 0.016295 0.053472
0 0.373772 0.119097 0.027902 0.047917
0 0.438728 0.209028 0.017188 0.040278
0 0.204911 0.047569 0.018304 0.042361
0 0.404799 0.188194 0.014955 0.012500
0 0.431027 0.044097 0.008036 0.043750
0 0.006696 0.090972 0.007143 0.033333
0 0.388393 0.207639 0.008036 0.045833
0 0.407478 0.033333 0.006027 0.030556
0 0.178795 0.067708 0.009821 0.036806
0 0.415625 0.611458 0.015625 0.010417
0 0.199888 0.112847 0.012277 0.046528
0 0.423661 0.271875 0.014286 0.011806
0 0.024777 0.164236 0.009375 0.020139
0 0.558705 0.517361 0.007143 0.019444
0 0.419531 0.024306 0.012723 0.012500
0 0.008147 0.151736 0.008705 0.015972
0 0.424107 0.237847 0.011607 0.009028
0 0.384263 0.091319 0.008259 0.021528
0 0.442411 0.033681 0.004464 0.031250
0 0.381920 0.023264 0.011607 0.010417
0 0.372098 0.089931 0.008036 0.018750
0 0.183705 0.107986 0.006696 0.024306
0 0.164732 0.032986 0.008036 0.029861
0 0.185268 0.136458 0.008482 0.018750
0 0.443527 0.125694 0.010714 0.009722
0 0.410045 0.056597 0.008036 0.010417
0 0.418750 0.197917 0.004464 0.018056
0 0.391071 0.167708 0.004911 0.022917
0 0.211719 0.093056 0.009152 0.030556
0 0.370089 0.061458 0.010268 0.010417
0 0.427679 0.295139 0.005357 0.030556
0 0.379129 0.152778 0.004687 0.019444
0 0.536830 0.960417 0.004018 0.012500
0 0.534598 0.106250 0.004018 0.012500
0 0.558929 0.047222 0.004018 0.012500
0 0.398214 0.171875 0.004464 0.018750
0 0.528571 0.648958 0.004911 0.013194
0 0.370089 0.166667 0.002679 0.025000
0 0.169866 0.066667 0.011161 0.018056
0 0.381027 0.231944 0.010714 0.008333
0 0.577902 0.697917 0.005357 0.012500
0 0.421540 0.187153 0.002902 0.014583
0 0.455804 0.145139 0.002679 0.026389
0 0.432366 0.243403 0.004018 0.017361
0 0.628795 0.025000 0.003571 0.008333
0 0.606473 0.025000 0.003571 0.008333
0 0.150893 0.045833 0.004911 0.009722
0 0.444085 0.271875 0.004687 0.021528
0 0.205469 0.024653 0.005580 0.013194
0 0.482143 0.062847 0.004464 0.035417
0 0.532031 0.046875 0.003348 0.010417
0 0.194643 0.075000 0.003125 0.020833
0 0.349554 0.961806 0.004018 0.012500
0 0.405469 0.594792 0.002902 0.013194
0 0.358817 0.961111 0.004241 0.015278
0 0.202009 0.069792 0.003571 0.017361
0 0.459263 0.157639 0.004687 0.006944
0 0.380246 0.954514 0.004241 0.014583
0 0.361272 0.954167 0.004241 0.015278
0 0.145089 0.305903 0.003571 0.014583
0 0.377232 0.960764 0.004018 0.014583
0 0.145089 0.349653 0.003571 0.014583
0 0.139732 0.046875 0.004911 0.014583
0 0.467299 0.035069 0.003348 0.014583
0 0.059933 0.988194 0.004687 0.009722
0 0.631362 0.738194 0.004687 0.009722
0 0.532031 0.078819 0.002902 0.031250
0 0.384152 0.291667 0.001786 0.013889
0 0.198326 0.022569 0.003795 0.009028
0 0.425781 0.206944 0.004687 0.006944
0 0.535603 0.033681 0.003348 0.010417
0 0.092969 0.981250 0.004241 0.006944
0 0.664397 0.731250 0.004241 0.006944
0 0.454688 0.189931 0.002679 0.014583
0 0.042299 0.028819 0.004241 0.010417
0 0.409933 0.122917 0.002009 0.008333
0 0.436607 0.027083 0.004464 0.004167
0 0.373661 0.256944 0.004018 0.005556
0 0.146987 0.046875 0.001563 0.011806
0 0.455580 0.066319 0.002232 0.007639
0 0.190737 0.098611 0.001563 0.013889
0 0.433929 0.062847 0.003125 0.004861
0 0.453683 0.309722 0.001563 0.009722
0 0.072991 0.990278 0.002232 0.009722
0 0.347545 0.950347 0.002232 0.010417
0 0.644420 0.740278 0.002232 0.009722
0 0.384598 0.175000 0.001339 0.011111
