0 0.414397 0.170486 0.066295 0.143750
0 0.416406 0.056250 0.046652 0.076389
0 0.384598 0.180903 0.015625 0.070139
0 0.157924 0.065278 0.023438 0.094444
0 0.408036 0.211806 0.026786 0.051389
0 0.041741 0.090972 0.010714 0.033333
0 0.383929 0.106597 0.019643 0.040972
0 0.025000 0.438194 0.010714 0.033333
0 0.359263 0.166667 0.030134 0.054167
0 0.431027 0.274306 0.019196 0.044444
0 0.393080 0.248611 0.018304 0.016667
0 0.355915 0.122222 0.012723 0.047222
0 0.180246 0.077083 0.018973 0.045833
0 0.396763 0.071875 0.008259 0.038194
0 0.375446 0.267708 0.008929 0.050694
0 0.006696 0.090972 0.007143 0.033333
0 0.153571 0.096875 0.010714 0.039583
0 0.369420 0.136111 0.011161 0.027778
0 0.414621 0.342708 0.015848 0.014583
0 0.175558 0.147222 0.013170 0.051389
0 0.139955 0.055208 0.009821 0.039583
0 0.388170 0.761806 0.010268 0.027778
0 0.404353 0.763542 0.011830 0.025694
0 0.414621 0.305556 0.012277 0.011111
0 0.024777 0.164236 0.009375 0.020139
0 0.180134 0.041319 0.006696 0.036806
0 0.558705 0.517361 0.007143 0.019444
0 0.367746 0.058681 0.012277 0.015972
0 0.008147 0.151736 0.008705 0.015972
0 0.420201 0.097222 0.004687 0.031944
0 0.159040 0.140972 0.006920 0.026389
0 0.436272 0.181250 0.011830 0.011111
0 0.408929 0.260069 0.004911 0.020139
0 0.398772 0.100000 0.008705 0.012500
0 0.160826 0.171181 0.008705 0.020139
0 0.378348 0.222569 0.005357 0.024306
0 0.419085 0.369097 0.006027 0.034028
0 0.365290 0.205556 0.005134 0.020833
0 0.422098 0.073958 0.005804 0.021528
0 0.172098 0.044097 0.005804 0.020139
0 0.355357 0.220486 0.003125 0.028472
0 0.450223 0.203819 0.003125 0.029861
0 0.147656 0.024653 0.006027 0.013194
0 0.536830 0.960417 0.004018 0.012500
0 0.534598 0.106250 0.004018 0.012500
0 0.144866 0.095833 0.012054 0.020833
0 0.558929 0.047222 0.004018 0.012500
0 0.424107 0.312153 0.004464 0.020139
0 0.386272 0.228472 0.005134 0.020833
0 0.411942 0.248264 0.002902 0.017361
0 0.528571 0.648958 0.004911 0.013194
0 0.437723 0.344444 0.004911 0.022222
0 0.163839 0.021181 0.008482 0.006250
0 0.185156 0.122222 0.005134 0.025000
0 0.454018 0.218750 0.005357 0.008333
0 0.388616 0.087500 0.004464 0.008333
0 0.463281 0.079514 0.004687 0.018750
0 0.577902 0.697917 0.005357 0.012500
0 0.169866 0.105903 0.003571 0.024306
0 0.628795 0.025000 0.003571 0.008333
0 0.606473 0.025000 0.003571 0.008333
0 0.532031 0.046875 0.003348 0.010417
0 0.349554 0.961806 0.004018 0.012500
0 0.177344 0.101042 0.003795 0.018750
0 0.424665 0.087153 0.004241 0.010417
0 0.482143 0.062500 0.004464 0.034722
0 0.358817 0.961111 0.004241 0.015278
0 0.378125 0.023264 0.003125 0.010417
0 0.416518 0.270139 0.005357 0.008333
0 0.371317 0.360069 0.002009 0.015972
0 0.365290 0.292708 0.007366 0.007639
0 0.370089 0.086111 0.004464 0.006944
0 0.367634 0.023264 0.003125 0.010417
0 0.380246 0.954514 0.004241 0.014583
0 0.361272 0.954167 0.004241 0.015278
0 0.145089 0.349653 0.003571 0.014583
0 0.145089 0.305903 0.003571 0.014583
0 0.377232 0.960764 0.004018 0.014583
0 0.449442 0.115625 0.003348 0.007639
0 0.059933 0.988194 0.004687 0.009722
0 0.631362 0.738194 0.004687 0.009722
0 0.448884 0.254514 0.003125 0.015972
0 0.445871 0.050694 0.002902 0.008333
0 0.532031 0.078819 0.002902 0.031250
0 0.399107 0.175000 0.002232 0.009722
0 0.535603 0.033681 0.003348 0.010417
0 0.425558 0.109375 0.003795 0.006250
0 0.428460 0.069097 0.005134 0.004861
0 0.092969 0.981250 0.004241 0.006944
0 0.664397 0.731250 0.004241 0.006944
0 0.367857 0.111458 0.006250 0.006250
0 0.447991 0.388542 0.001786 0.010417
0 0.359710 0.321181 0.004241 0.006250
0 0.337500 0.173958 0.001786 0.018750
0 0.371317 0.231250 0.001563 0.012500
0 0.042299 0.028819 0.004241 0.010417
0 0.371317 0.296181 0.004241 0.004861
0 0.411049 0.380208 0.004241 0.004861
0 0.461161 0.100347 0.002679 0.007639
0 0.418304 0.260069 0.004018 0.006250
0 0.184598 0.198264 0.004464 0.006250
0 0.165513 0.194792 0.001563 0.018750
0 0.190402 0.139236 0.004018 0.011806
0 0.166071 0.130903 0.001786 0.014583
0 0.177790 0.218056 0.001563 0.012500
0 0.172991 0.025347 0.004018 0.004861
0 0.072991 0.990278 0.002232 0.009722
0 0.347545 0.950347 0.002232 0.010417
0 0.644420 0.740278 0.002232 0.009722
