0 0.556473 0.230903 0.014286 0.129861
0 0.041741 0.090972 0.010714 0.033333
0 0.145313 0.059722 0.020536 0.083333
0 0.025000 0.438194 0.010714 0.033333
0 0.551228 0.277083 0.011384 0.105556
0 0.138728 0.188194 0.007366 0.072222
0 0.538839 0.325694 0.019643 0.016667
0 0.142522 0.269444 0.014955 0.020833
0 0.561049 0.110764 0.005134 0.052083
0 0.006696 0.090972 0.007143 0.033333
0 0.251116 0.032986 0.011607 0.029861
0 0.152121 0.128125 0.007366 0.054861
0 0.154799 0.168403 0.013170 0.046528
0 0.137612 0.118056 0.005134 0.037500
0 0.551786 0.164583 0.005357 0.045833
0 0.329129 0.702431 0.011830 0.024306
0 0.560045 0.323611 0.007143 0.051389
0 0.556250 0.386806 0.006696 0.041667
0 0.024777 0.164236 0.009375 0.020139
0 0.558705 0.517361 0.007143 0.019444
0 0.008147 0.151736 0.008705 0.015972
0 0.144866 0.148611 0.005804 0.030556
0 0.542188 0.223264 0.007143 0.031250
0 0.536830 0.960417 0.004018 0.012500
0 0.534598 0.106250 0.004018 0.012500
0 0.558929 0.047222 0.004018 0.012500
0 0.528571 0.648958 0.004911 0.013194
0 0.345313 0.698611 0.005357 0.019444
0 0.157478 0.231597 0.003348 0.031250
0 0.548103 0.455208 0.003795 0.024306
0 0.150558 0.218403 0.003795 0.021528
0 0.551004 0.351389 0.002902 0.027778
0 0.577902 0.697917 0.005357 0.012500
0 0.628795 0.025000 0.003571 0.008333
0 0.606473 0.025000 0.003571 0.008333
0 0.150893 0.045833 0.004911 0.009722
0 0.549888 0.410764 0.003348 0.015972
0 0.532031 0.046875 0.003348 0.010417
0 0.349554 0.961806 0.004018 0.012500
0 0.482143 0.062500 0.004464 0.034722
0 0.358817 0.961111 0.004241 0.015278
0 0.552679 0.125694 0.002232 0.016667
0 0.380246 0.954514 0.004241 0.014583
0 0.361272 0.954167 0.004241 0.015278
0 0.145089 0.349653 0.003571 0.014583
0 0.155804 0.350694 0.001786 0.020833
0 0.544308 0.153125 0.002455 0.022917
0 0.377232 0.960764 0.004018 0.014583
0 0.145089 0.305903 0.003571 0.014583
0 0.547656 0.128819 0.003795 0.017361
0 0.557143 0.120139 0.001786 0.015278
0 0.059933 0.988194 0.004687 0.009722
0 0.631362 0.738194 0.004687 0.009722
0 0.548438 0.214236 0.001786 0.014583
0 0.254688 0.117014 0.004018 0.010417
0 0.532031 0.078819 0.002902 0.031250
0 0.153795 0.381250 0.001786 0.018056
0 0.535603 0.033681 0.003348 0.010417
0 0.136161 0.088542 0.002232 0.014583
0 0.092969 0.981250 0.004241 0.006944
0 0.664397 0.731250 0.004241 0.006944
0 0.254799 0.094792 0.002902 0.013194
0 0.240179 0.043750 0.003571 0.008333
0 0.042299 0.028819 0.004241 0.010417
0 0.158817 0.335417 0.003348 0.009722
0 0.264732 0.053125 0.004018 0.004861
0 0.555804 0.165972 0.002232 0.009722
0 0.154799 0.306250 0.003795 0.008333
0 0.543080 0.191667 0.002232 0.008333
0 0.146987 0.046875 0.001563 0.011806
0 0.162946 0.236806 0.003571 0.006944
0 0.255357 0.038889 0.003125 0.008333
0 0.144866 0.190972 0.002232 0.008333
0 0.555692 0.139236 0.001563 0.017361
0 0.072991 0.990278 0.002232 0.009722
0 0.347545 0.950347 0.002232 0.010417
0 0.644420 0.740278 0.002232 0.009722
