0 0.437165 0.148958 0.029241 0.122917
0 0.041741 0.090972 0.010714 0.033333
0 0.438951 0.040625 0.021205 0.045139
0 0.025000 0.438194 0.010714 0.033333
0 0.419308 0.050000 0.016295 0.063889
0 0.427902 0.096181 0.011607 0.031250
0 0.006696 0.090972 0.007143 0.033333
0 0.444308 0.241667 0.008259 0.038889
0 0.024777 0.164236 0.009375 0.020139
0 0.558705 0.517361 0.007143 0.019444
0 0.415067 0.145833 0.012277 0.029167
0 0.008147 0.151736 0.008705 0.015972
0 0.438281 0.273958 0.007812 0.017361
0 0.536830 0.960417 0.004018 0.012500
0 0.534598 0.106250 0.004018 0.012500
0 0.343304 0.088889 0.003571 0.016667
0 0.558929 0.047222 0.004018 0.012500
0 0.436830 0.303472 0.006696 0.012500
0 0.528571 0.648958 0.004911 0.013194
0 0.430915 0.065278 0.002455 0.029167
0 0.434933 0.225000 0.003795 0.025000
0 0.420647 0.215625 0.007366 0.006250
0 0.577902 0.697917 0.005357 0.012500
0 0.628795 0.025000 0.003571 0.008333
0 0.606473 0.025000 0.003571 0.008333
0 0.150893 0.045833 0.004911 0.009722
0 0.532031 0.046875 0.003348 0.010417
0 0.427455 0.214931 0.006696 0.006250
0 0.414174 0.099653 0.005134 0.015972
0 0.482143 0.062847 0.004464 0.035417
0 0.349554 0.961806 0.004018 0.012500
0 0.447433 0.069444 0.002009 0.023611
0 0.425781 0.068403 0.004687 0.010417
0 0.414732 0.120486 0.004018 0.021528
0 0.348884 0.085764 0.006250 0.010417
0 0.358817 0.961111 0.004241 0.015278
0 0.315179 0.023264 0.004911 0.010417
0 0.380246 0.954514 0.004241 0.014583
0 0.361272 0.954167 0.004241 0.015278
0 0.448661 0.099306 0.005357 0.008333
0 0.145089 0.305903 0.003571 0.014583
0 0.377232 0.960764 0.004018 0.014583
0 0.145089 0.349653 0.003571 0.014583
0 0.341295 0.054514 0.007143 0.007639
0 0.139732 0.046875 0.004911 0.014583
0 0.059933 0.988194 0.004687 0.009722
0 0.631362 0.738194 0.004687 0.009722
0 0.532031 0.078819 0.002902 0.031250
0 0.443192 0.060764 0.005134 0.011806
0 0.300223 0.520139 0.002232 0.011111
0 0.454129 0.189236 0.003348 0.010417
0 0.535603 0.033681 0.003348 0.010417
0 0.092969 0.981250 0.004241 0.006944
0 0.664397 0.731250 0.004241 0.006944
0 0.440848 0.088194 0.001786 0.018056
0 0.419531 0.117014 0.004241 0.011806
0 0.315960 0.526736 0.004241 0.006250
0 0.042299 0.028819 0.004241 0.010417
0 0.146987 0.046875 0.001563 0.011806
0 0.419308 0.129514 0.002455 0.007639
0 0.338951 0.092014 0.002902 0.007639
0 0.425781 0.202083 0.002009 0.015278
0 0.442411 0.074653 0.002679 0.010417
0 0.341183 0.160764 0.002902 0.006250
0 0.072991 0.990278 0.002232 0.009722
0 0.347545 0.950347 0.002232 0.010417
0 0.644420 0.740278 0.002232 0.009722
