0 0.361161 0.120486 0.063839 0.079861
0 0.193750 0.625000 0.032143 0.043056
0 0.334710 0.135417 0.019866 0.081944
0 0.041741 0.090972 0.010714 0.033333
0 0.358036 0.145486 0.022768 0.043750
0 0.025000 0.438194 0.010714 0.033333
0 0.306585 0.121875 0.031920 0.046528
0 0.379353 0.190278 0.018080 0.041667
0 0.330246 0.058681 0.012723 0.015972
0 0.302344 0.079514 0.013616 0.042361
0 0.344754 0.179514 0.013616 0.010417
0 0.324442 0.205208 0.009152 0.045139
0 0.006696 0.090972 0.007143 0.033333
0 0.366741 0.225347 0.016964 0.017361
0 0.364397 0.253819 0.015402 0.010417
0 0.315737 0.023264 0.014955 0.010417
0 0.024777 0.164236 0.009375 0.020139
0 0.357812 0.058681 0.011161 0.015972
0 0.558705 0.517361 0.007143 0.019444
0 0.318192 0.090625 0.009152 0.020139
0 0.008147 0.151736 0.008705 0.015972
0 0.421987 0.570139 0.013170 0.009722
0 0.327121 0.162847 0.005134 0.022917
0 0.384152 0.058681 0.012054 0.015972
0 0.358036 0.184722 0.004911 0.016667
0 0.383036 0.109028 0.011161 0.006944
0 0.313504 0.152431 0.005134 0.018750
0 0.368973 0.276736 0.005357 0.029861
0 0.303125 0.168750 0.003125 0.025000
0 0.536830 0.960417 0.004018 0.012500
0 0.534598 0.106250 0.004018 0.012500
0 0.558929 0.047222 0.004018 0.012500
0 0.528571 0.648958 0.004911 0.013194
0 0.396205 0.124306 0.002232 0.025000
0 0.360826 0.173958 0.002902 0.014583
0 0.577902 0.697917 0.005357 0.012500
0 0.628795 0.025000 0.003571 0.008333
0 0.606473 0.025000 0.003571 0.008333
0 0.386384 0.248611 0.004911 0.019444
0 0.150893 0.045833 0.004911 0.009722
0 0.296094 0.045486 0.004687 0.011806
0 0.532031 0.046875 0.003348 0.010417
0 0.349554 0.961806 0.004018 0.012500
0 0.482143 0.062847 0.004464 0.035417
0 0.342634 0.023264 0.003571 0.010417
0 0.358817 0.961111 0.004241 0.015278
0 0.335603 0.199306 0.002009 0.016667
0 0.379911 0.023264 0.003125 0.010417
0 0.380246 0.954514 0.004241 0.014583
0 0.361272 0.954167 0.004241 0.015278
0 0.321317 0.288889 0.002009 0.013889
0 0.145089 0.305903 0.003571 0.014583
0 0.399888 0.135417 0.004687 0.005556
0 0.377232 0.960764 0.004018 0.014583
0 0.145089 0.349653 0.003571 0.014583
0 0.139732 0.046875 0.004911 0.014583
0 0.367188 0.023264 0.003125 0.010417
0 0.059933 0.988194 0.004687 0.009722
0 0.631362 0.738194 0.004687 0.009722
0 0.532031 0.078819 0.002902 0.031250
0 0.298996 0.024653 0.006027 0.006250
0 0.365402 0.192014 0.004911 0.006250
0 0.535603 0.033681 0.003348 0.010417
0 0.092969 0.981250 0.004241 0.006944
0 0.664397 0.731250 0.004241 0.006944
0 0.314063 0.230556 0.005357 0.005556
0 0.347321 0.114583 0.002232 0.008333
0 0.283705 0.132639 0.001786 0.018056
0 0.395647 0.167361 0.002902 0.013889
0 0.399665 0.052083 0.005580 0.008333
0 0.309152 0.258333 0.004464 0.005556
0 0.042299 0.028819 0.004241 0.010417
0 0.320424 0.231250 0.004687 0.004167
0 0.146987 0.046875 0.001563 0.011806
0 0.358147 0.019792 0.004687 0.003472
0 0.320089 0.172917 0.001339 0.011111
0 0.377567 0.085417 0.002455 0.009722
0 0.396317 0.280903 0.001563 0.009028
0 0.492076 0.060417 0.002009 0.012500
0 0.072991 0.990278 0.002232 0.009722
0 0.347545 0.950347 0.002232 0.010417
0 0.644420 0.740278 0.002232 0.009722
0 0.361384 0.289236 0.004018 0.003472
