0 0.486496 0.124653 0.060491 0.159028
0 0.154688 0.513194 0.025446 0.036111
0 0.458929 0.145139 0.013839 0.065278
0 0.041741 0.090972 0.010714 0.033333
0 0.480469 0.175000 0.024777 0.047222
0 0.025000 0.438194 0.010714 0.033333
0 0.459263 0.076389 0.018080 0.037500
0 0.252009 0.047222 0.020536 0.058333
0 0.435156 0.131250 0.028348 0.050000
0 0.501004 0.233681 0.018080 0.040972
0 0.445536 0.039236 0.021875 0.042361
0 0.465737 0.207639 0.016295 0.013889
0 0.433259 0.089931 0.011161 0.043750
0 0.006696 0.090972 0.007143 0.033333
0 0.272321 0.040278 0.016964 0.033333
0 0.470982 0.044792 0.006696 0.035417
0 0.448996 0.225347 0.007812 0.046528
0 0.462723 0.657292 0.016518 0.010417
0 0.484375 0.297222 0.014732 0.013889
0 0.247768 0.062500 0.008929 0.036111
0 0.024777 0.164236 0.009375 0.020139
0 0.558705 0.517361 0.007143 0.019444
0 0.266629 0.108333 0.010937 0.047222
0 0.485268 0.262153 0.011607 0.010417
0 0.446205 0.104861 0.008482 0.023611
0 0.008147 0.151736 0.008705 0.015972
0 0.457924 0.046875 0.008259 0.013194
0 0.507254 0.147222 0.011384 0.011111
0 0.480246 0.219792 0.004687 0.018750
0 0.251786 0.102083 0.006250 0.023611
0 0.473214 0.070833 0.008482 0.011111
0 0.488281 0.322222 0.006027 0.031944
0 0.452232 0.184722 0.004911 0.025000
0 0.252790 0.129514 0.007812 0.018750
0 0.440290 0.167361 0.005134 0.019444
0 0.536830 0.960417 0.004018 0.012500
0 0.534598 0.106250 0.004018 0.012500
0 0.558929 0.047222 0.004018 0.012500
0 0.278013 0.089236 0.008259 0.029861
0 0.450781 0.637847 0.002902 0.017361
0 0.430915 0.180903 0.002902 0.025694
0 0.463839 0.053472 0.004018 0.018056
0 0.528571 0.648958 0.004911 0.013194
0 0.493973 0.268750 0.004464 0.018056
0 0.459598 0.189583 0.004464 0.019444
0 0.506250 0.300000 0.004911 0.022222
0 0.483259 0.208681 0.002679 0.015972
0 0.235156 0.032292 0.006473 0.018750
0 0.520089 0.168750 0.003125 0.027778
0 0.176339 0.023611 0.007589 0.011111
0 0.507478 0.062153 0.004241 0.009028
0 0.577902 0.697917 0.005357 0.012500
0 0.263281 0.071875 0.004687 0.022917
0 0.628795 0.025000 0.003571 0.008333
0 0.606473 0.025000 0.003571 0.008333
0 0.150893 0.045833 0.004911 0.009722
0 0.239286 0.060417 0.009375 0.018056
0 0.532031 0.046875 0.003348 0.010417
0 0.523438 0.182292 0.004911 0.007639
0 0.349554 0.961806 0.004018 0.012500
0 0.358817 0.961111 0.004241 0.015278
0 0.272879 0.023264 0.005134 0.010417
0 0.380246 0.954514 0.004241 0.014583
0 0.361272 0.954167 0.004241 0.015278
0 0.145089 0.305903 0.003571 0.014583
0 0.492634 0.065625 0.003125 0.022917
0 0.269085 0.066319 0.002902 0.017361
0 0.377232 0.960764 0.004018 0.014583
0 0.145089 0.349653 0.003571 0.014583
0 0.139732 0.046875 0.004911 0.014583
0 0.186384 0.058681 0.004018 0.018750
0 0.059933 0.988194 0.004687 0.009722
0 0.631362 0.738194 0.004687 0.009722
0 0.487388 0.229514 0.004687 0.007639
0 0.443527 0.311806 0.001786 0.013889
0 0.532031 0.078819 0.002902 0.031250
0 0.461272 0.022222 0.003348 0.008333
0 0.535603 0.033681 0.003348 0.010417
0 0.517969 0.215972 0.003348 0.015278
0 0.092969 0.981250 0.004241 0.006944
0 0.664397 0.731250 0.004241 0.006944
0 0.438951 0.248611 0.005580 0.006944
0 0.441964 0.094097 0.004018 0.007639
0 0.187946 0.080556 0.005357 0.008333
0 0.426897 0.054514 0.002009 0.011806
0 0.472433 0.140278 0.002009 0.009722
0 0.515402 0.342014 0.001786 0.010417
0 0.431138 0.050000 0.005134 0.005556
0 0.433371 0.275000 0.004241 0.005556
0 0.042299 0.028819 0.004241 0.010417
0 0.443973 0.080556 0.005804 0.005556
0 0.520982 0.086111 0.002232 0.006944
0 0.444420 0.251736 0.004018 0.004861
0 0.266295 0.020833 0.003125 0.005556
0 0.498326 0.079514 0.002902 0.006250
0 0.146987 0.046875 0.001563 0.011806
0 0.072991 0.990278 0.002232 0.009722
0 0.347545 0.950347 0.002232 0.010417
0 0.644420 0.740278 0.002232 0.009722
0 0.445536 0.191667 0.001339 0.011111
