0 0.533259 0.165972 0.060714 0.140278
0 0.169531 0.525694 0.026116 0.036111
0 0.505134 0.168056 0.013839 0.069444
0 0.527344 0.201042 0.026562 0.050694
0 0.041741 0.090972 0.010714 0.033333
0 0.506250 0.094444 0.019196 0.043056
0 0.025000 0.438194 0.010714 0.033333
0 0.548438 0.266319 0.019643 0.042361
0 0.480580 0.150347 0.029018 0.053472
0 0.511272 0.234722 0.018080 0.015278
0 0.478906 0.107986 0.011384 0.046528
0 0.493750 0.251042 0.007589 0.049306
0 0.006696 0.090972 0.007143 0.033333
0 0.530246 0.331597 0.015402 0.017361
0 0.490513 0.715972 0.014955 0.016667
0 0.492299 0.124653 0.009152 0.024306
0 0.531250 0.295139 0.012054 0.012500
0 0.024777 0.164236 0.009375 0.020139
0 0.558705 0.517361 0.007143 0.019444
0 0.312612 0.112500 0.010045 0.048611
0 0.008147 0.151736 0.008705 0.015972
0 0.505134 0.064931 0.008482 0.013194
0 0.296094 0.056944 0.010937 0.022222
0 0.556250 0.175000 0.012054 0.012500
0 0.517522 0.069444 0.004687 0.023611
0 0.526563 0.248958 0.004911 0.020139
0 0.533817 0.358333 0.006473 0.033333
0 0.305692 0.064931 0.006027 0.028472
0 0.497656 0.209028 0.005134 0.025000
0 0.520871 0.091319 0.008705 0.011806
0 0.293750 0.035764 0.008482 0.015972
0 0.485268 0.189583 0.005357 0.020833
0 0.298326 0.104861 0.006027 0.023611
0 0.504464 0.214931 0.006250 0.021528
0 0.511161 0.072222 0.004464 0.019444
0 0.299107 0.134028 0.007143 0.016667
0 0.536830 0.960417 0.004018 0.012500
0 0.534598 0.106250 0.004018 0.012500
0 0.558929 0.047222 0.004018 0.012500
0 0.475558 0.202431 0.003348 0.027083
0 0.305915 0.023264 0.006473 0.010417
0 0.482143 0.062847 0.004464 0.035417
0 0.529911 0.237847 0.003125 0.017361
0 0.540737 0.301389 0.004687 0.016667
0 0.553571 0.337153 0.004911 0.022917
0 0.528571 0.648958 0.004911 0.013194
0 0.296763 0.076736 0.004241 0.013194
0 0.475893 0.069792 0.008482 0.013194
0 0.560045 0.108333 0.007143 0.008333
0 0.323661 0.095833 0.007589 0.030556
0 0.322879 0.058681 0.007366 0.015972
0 0.282924 0.033681 0.006027 0.020139
0 0.577902 0.697917 0.005357 0.012500
0 0.227790 0.022222 0.007812 0.008333
0 0.628795 0.025000 0.003571 0.008333
0 0.606473 0.025000 0.003571 0.008333
0 0.150893 0.045833 0.004911 0.009722
0 0.286719 0.062153 0.009598 0.018750
0 0.532031 0.046875 0.003348 0.010417
0 0.349554 0.961806 0.004018 0.012500
0 0.358817 0.961111 0.004241 0.015278
0 0.534040 0.260417 0.005134 0.008333
0 0.483036 0.274306 0.006696 0.008333
0 0.380246 0.954514 0.004241 0.014583
0 0.487277 0.340972 0.002232 0.015278
0 0.361272 0.954167 0.004241 0.015278
0 0.145089 0.349653 0.003571 0.014583
0 0.377232 0.960764 0.004018 0.014583
0 0.145089 0.305903 0.003571 0.014583
0 0.488058 0.112847 0.004241 0.007639
0 0.139732 0.046875 0.004911 0.014583
0 0.059933 0.988194 0.004687 0.009722
0 0.631362 0.738194 0.004687 0.009722
0 0.532031 0.078819 0.002902 0.031250
0 0.535603 0.033681 0.003348 0.010417
0 0.092969 0.981250 0.004241 0.006944
0 0.664397 0.731250 0.004241 0.006944
0 0.519196 0.164236 0.002232 0.009028
0 0.313058 0.022222 0.003348 0.008333
0 0.562612 0.382986 0.002009 0.010417
0 0.482031 0.691319 0.002455 0.010417
0 0.490290 0.098611 0.006027 0.006944
0 0.477009 0.301389 0.004464 0.005556
0 0.488951 0.278819 0.004241 0.004861
0 0.042299 0.028819 0.004241 0.010417
0 0.238393 0.078125 0.004464 0.007639
0 0.318080 0.023264 0.002232 0.010417
0 0.505022 0.706250 0.001563 0.015278
0 0.493192 0.073264 0.002455 0.007639
0 0.298661 0.023264 0.004018 0.006250
0 0.146987 0.046875 0.001563 0.011806
0 0.525670 0.367708 0.004018 0.004861
0 0.490625 0.215625 0.001339 0.011806
0 0.552567 0.389931 0.002455 0.006250
0 0.536049 0.250694 0.003795 0.005556
0 0.072991 0.990278 0.002232 0.009722
0 0.347545 0.950347 0.002232 0.010417
0 0.644420 0.740278 0.002232 0.009722
