0 0.301897 0.081597 0.057813 0.111806
0 0.363728 0.554861 0.023884 0.033333
0 0.336942 0.117014 0.021205 0.072917
0 0.041741 0.090972 0.010714 0.033333
0 0.025000 0.438194 0.010714 0.033333
0 0.314286 0.123958 0.019643 0.043750
0 0.294978 0.164583 0.017188 0.040278
0 0.353237 0.187153 0.018527 0.049306
0 0.369531 0.106250 0.023884 0.044444
0 0.006696 0.090972 0.007143 0.033333
0 0.327121 0.156597 0.011384 0.009028
0 0.024777 0.164236 0.009375 0.020139
0 0.558705 0.517361 0.007143 0.019444
0 0.008147 0.151736 0.008705 0.015972
0 0.310268 0.196528 0.011161 0.011111
0 0.367188 0.058681 0.009821 0.015972
0 0.227567 0.559028 0.011384 0.013889
0 0.369643 0.152083 0.004464 0.026389
0 0.337500 0.054514 0.008929 0.007639
0 0.315290 0.161458 0.004687 0.015972
0 0.359040 0.134375 0.005134 0.018750
0 0.345759 0.143056 0.005357 0.022222
0 0.358036 0.247222 0.003125 0.020833
0 0.536830 0.960417 0.004018 0.012500
0 0.305804 0.225000 0.007143 0.009722
0 0.534598 0.106250 0.004018 0.012500
0 0.558929 0.047222 0.004018 0.012500
0 0.528571 0.648958 0.004911 0.013194
0 0.288728 0.218750 0.004241 0.019444
0 0.304799 0.244444 0.004241 0.023611
0 0.301004 0.197222 0.004241 0.016667
0 0.577902 0.697917 0.005357 0.012500
0 0.351786 0.264583 0.002679 0.015278
0 0.628795 0.025000 0.003571 0.008333
0 0.606473 0.025000 0.003571 0.008333
0 0.150893 0.045833 0.004911 0.009722
0 0.336161 0.023264 0.004464 0.010417
0 0.362723 0.023264 0.004464 0.010417
0 0.532031 0.046875 0.003348 0.010417
0 0.312835 0.150347 0.002902 0.013194
0 0.349554 0.961806 0.004018 0.012500
0 0.378906 0.171528 0.006027 0.020833
0 0.358817 0.961111 0.004241 0.015278
0 0.380246 0.954514 0.004241 0.014583
0 0.361272 0.954167 0.004241 0.015278
0 0.145089 0.305903 0.003571 0.014583
0 0.145089 0.349653 0.003571 0.014583
0 0.377232 0.960764 0.004018 0.014583
0 0.139732 0.046875 0.004911 0.014583
0 0.330692 0.022569 0.003348 0.009028
0 0.363728 0.236111 0.005580 0.005556
0 0.059933 0.988194 0.004687 0.009722
0 0.631362 0.738194 0.004687 0.009722
0 0.356920 0.064236 0.007589 0.004861
0 0.482366 0.059375 0.004018 0.028472
0 0.532031 0.078819 0.002902 0.031250
0 0.307143 0.023264 0.002232 0.010417
0 0.296429 0.227778 0.004911 0.005556
0 0.337500 0.174653 0.002232 0.010417
0 0.341964 0.020486 0.006250 0.004861
0 0.535603 0.033681 0.003348 0.010417
0 0.092969 0.981250 0.004241 0.006944
0 0.664397 0.731250 0.004241 0.006944
0 0.356920 0.053125 0.006696 0.004861
0 0.279241 0.140972 0.002679 0.013889
0 0.351562 0.105208 0.004018 0.006250
0 0.308705 0.167014 0.004464 0.006250
0 0.312723 0.259722 0.004464 0.004167
0 0.339621 0.190278 0.002902 0.008333
0 0.042299 0.028819 0.004241 0.010417
0 0.355022 0.082292 0.005134 0.003472
0 0.277679 0.069097 0.004911 0.003472
0 0.146987 0.046875 0.001563 0.011806
0 0.298661 0.243056 0.004464 0.004167
0 0.492076 0.060417 0.002009 0.012500
0 0.072991 0.990278 0.002232 0.009722
0 0.347545 0.950347 0.002232 0.010417
0 0.644420 0.740278 0.002232 0.009722
