0 0.405804 0.096875 0.032589 0.106250
0 0.331920 0.526736 0.025893 0.032639
0 0.041741 0.090972 0.010714 0.033333
0 0.025000 0.438194 0.010714 0.033333
0 0.416406 0.042014 0.019420 0.031250
0 0.363839 0.104514 0.029464 0.047917
0 0.387946 0.114236 0.018304 0.032639
0 0.445871 0.060764 0.016741 0.056250
0 0.369085 0.153819 0.016295 0.042361
0 0.143527 0.068403 0.016964 0.054861
0 0.425893 0.187847 0.019196 0.050694
0 0.444085 0.111111 0.024330 0.043056
0 0.385156 0.058681 0.011384 0.015972
0 0.006696 0.090972 0.007143 0.033333
0 0.139286 0.116319 0.008482 0.025694
0 0.374330 0.058681 0.008482 0.015972
0 0.398772 0.151736 0.013170 0.009028
0 0.429018 0.074306 0.009821 0.022222
0 0.141295 0.039236 0.012500 0.031250
0 0.024777 0.164236 0.009375 0.020139
0 0.558705 0.517361 0.007143 0.019444
0 0.008147 0.151736 0.008705 0.015972
0 0.257589 0.502431 0.010714 0.013194
0 0.438616 0.025694 0.010714 0.015278
0 0.443304 0.156597 0.004464 0.027083
0 0.383482 0.187847 0.010714 0.013194
0 0.363058 0.023264 0.015402 0.010417
0 0.379353 0.215625 0.008259 0.009028
0 0.419308 0.142361 0.005134 0.023611
0 0.433036 0.136111 0.004911 0.019444
0 0.430022 0.249306 0.003348 0.020833
0 0.388839 0.154861 0.004464 0.015278
0 0.536830 0.960417 0.004018 0.012500
0 0.534598 0.106250 0.004018 0.012500
0 0.558929 0.047222 0.004018 0.012500
0 0.143862 0.176389 0.004241 0.026389
0 0.528571 0.648958 0.004911 0.013194
0 0.403571 0.030208 0.004911 0.009028
0 0.150893 0.044097 0.004911 0.013194
0 0.362388 0.205208 0.004241 0.018750
0 0.577902 0.697917 0.005357 0.012500
0 0.374330 0.187153 0.004018 0.017361
0 0.394866 0.135417 0.004464 0.011111
0 0.628795 0.025000 0.003571 0.008333
0 0.606473 0.025000 0.003571 0.008333
0 0.377344 0.233333 0.004241 0.020833
0 0.423438 0.265625 0.002679 0.014583
0 0.482143 0.062847 0.004464 0.035417
0 0.382031 0.023264 0.004241 0.010417
0 0.452790 0.178125 0.006027 0.022917
0 0.359263 0.058681 0.004241 0.015972
0 0.532031 0.046875 0.003348 0.010417
0 0.349554 0.961806 0.004018 0.012500
0 0.386496 0.143403 0.002902 0.013194
0 0.411607 0.023958 0.004464 0.007639
0 0.137054 0.022569 0.004018 0.009028
0 0.358817 0.961111 0.004241 0.015278
0 0.147545 0.099653 0.002679 0.015972
0 0.380246 0.954514 0.004241 0.014583
0 0.361272 0.954167 0.004241 0.015278
0 0.145089 0.349653 0.003571 0.014583
0 0.145089 0.305903 0.003571 0.014583
0 0.269978 0.492361 0.003348 0.016667
0 0.430246 0.030903 0.004687 0.006250
0 0.435937 0.239583 0.005804 0.005556
0 0.377232 0.960764 0.004018 0.014583
0 0.059933 0.988194 0.004687 0.009722
0 0.631362 0.738194 0.004687 0.009722
0 0.532031 0.078819 0.002902 0.031250
0 0.410603 0.173958 0.002009 0.013194
0 0.432031 0.053819 0.006920 0.004861
0 0.535603 0.033681 0.003348 0.010417
0 0.092969 0.981250 0.004241 0.006944
0 0.664397 0.731250 0.004241 0.006944
0 0.369531 0.215972 0.004687 0.005556
0 0.387946 0.218403 0.004018 0.004861
0 0.425781 0.105903 0.003795 0.006250
0 0.384821 0.251042 0.004018 0.004861
0 0.382254 0.159028 0.004241 0.005556
0 0.412500 0.188194 0.002679 0.008333
0 0.042299 0.028819 0.004241 0.010417
0 0.377344 0.026042 0.003348 0.004861
0 0.406250 0.021528 0.003125 0.006944
0 0.354576 0.128125 0.002455 0.013194
0 0.399888 0.091319 0.002009 0.007639
0 0.426116 0.154514 0.001339 0.010417
0 0.072991 0.990278 0.002232 0.009722
0 0.347545 0.950347 0.002232 0.010417
0 0.644420 0.740278 0.002232 0.009722
0 0.354464 0.058333 0.004018 0.004167
0 0.417857 0.020139 0.005357 0.004167
