0 0.152679 0.150347 0.035268 0.134028
0 0.041741 0.090972 0.010714 0.033333
0 0.025000 0.438194 0.010714 0.033333
0 0.159710 0.086111 0.019420 0.040278
0 0.528013 0.321181 0.018080 0.018750
0 0.143638 0.038542 0.017188 0.040972
0 0.169754 0.042361 0.021205 0.048611
0 0.165290 0.218403 0.015848 0.018750
0 0.006696 0.090972 0.007143 0.033333
0 0.182478 0.093750 0.008259 0.047222
0 0.137500 0.077083 0.004911 0.045833
0 0.139063 0.267361 0.008036 0.025000
0 0.184263 0.130208 0.014509 0.040972
0 0.024777 0.164236 0.009375 0.020139
0 0.558705 0.517361 0.007143 0.019444
0 0.176674 0.238889 0.006027 0.054167
0 0.008147 0.151736 0.008705 0.015972
0 0.295089 0.026389 0.005357 0.016667
0 0.149219 0.288194 0.008259 0.016667
0 0.150223 0.045833 0.008036 0.015278
0 0.174330 0.110417 0.006250 0.027778
0 0.143638 0.299306 0.006473 0.027778
0 0.536830 0.960417 0.004018 0.012500
0 0.534598 0.106250 0.004018 0.012500
0 0.558929 0.047222 0.004018 0.012500
0 0.163616 0.054861 0.005804 0.013889
0 0.154911 0.061111 0.004018 0.023611
0 0.151451 0.239931 0.003348 0.020139
0 0.299665 0.068750 0.003795 0.031944
0 0.528571 0.648958 0.004911 0.013194
0 0.186607 0.187847 0.003571 0.028472
0 0.146652 0.324306 0.004018 0.013889
0 0.577902 0.697917 0.005357 0.012500
0 0.179129 0.175000 0.003795 0.019444
0 0.628795 0.025000 0.003571 0.008333
0 0.606473 0.025000 0.003571 0.008333
0 0.182924 0.299306 0.002009 0.023611
0 0.532031 0.046875 0.003348 0.010417
0 0.349554 0.961806 0.004018 0.012500
0 0.302344 0.630208 0.002902 0.015972
0 0.548884 0.936458 0.002679 0.011806
0 0.145201 0.349653 0.003795 0.014583
0 0.358817 0.961111 0.004241 0.015278
0 0.299665 0.098958 0.004687 0.010417
0 0.380246 0.954514 0.004241 0.014583
0 0.361272 0.954167 0.004241 0.015278
0 0.148996 0.229514 0.002009 0.015972
0 0.137388 0.220139 0.004687 0.009722
0 0.155022 0.022222 0.005134 0.008333
0 0.171205 0.196875 0.003125 0.013194
0 0.183817 0.056250 0.005580 0.011111
0 0.292076 0.074306 0.002902 0.022222
0 0.377232 0.960764 0.004018 0.014583
0 0.159598 0.068750 0.003125 0.008333
0 0.059933 0.988194 0.004687 0.009722
0 0.631362 0.738194 0.004687 0.009722
0 0.180357 0.323611 0.001786 0.016667
0 0.532031 0.078819 0.002902 0.031250
0 0.314509 0.646528 0.006250 0.004167
0 0.283371 0.027778 0.004241 0.009722
0 0.535603 0.033681 0.003348 0.010417
0 0.140290 0.335069 0.003795 0.009028
0 0.092969 0.981250 0.004241 0.006944
0 0.664397 0.731250 0.004241 0.006944
0 0.295759 0.044097 0.003571 0.014583
0 0.300781 0.023264 0.004687 0.006250
0 0.146652 0.251389 0.003571 0.008333
0 0.482812 0.056944 0.003125 0.023611
0 0.182143 0.255903 0.004911 0.007639
0 0.042299 0.028819 0.004241 0.010417
0 0.186607 0.283333 0.003571 0.008333
0 0.288728 0.129514 0.003348 0.010417
0 0.174330 0.087153 0.004464 0.007639
0 0.147321 0.336458 0.002679 0.007639
0 0.192522 0.194792 0.003795 0.007639
0 0.154129 0.356597 0.002902 0.006250
0 0.072991 0.990278 0.002232 0.009722
0 0.347545 0.950347 0.002232 0.010417
0 0.644420 0.740278 0.002232 0.009722
