0 0.242857 0.075000 0.061161 0.104167
0 0.218080 0.109375 0.019643 0.075694
0 0.041741 0.090972 0.010714 0.033333
0 0.515960 0.106597 0.031920 0.053472
0 0.025000 0.438194 0.010714 0.033333
0 0.240848 0.116667 0.021875 0.040278
0 0.213058 0.038194 0.019420 0.030556
0 0.191071 0.100694 0.031250 0.045833
0 0.262054 0.154861 0.016518 0.040278
0 0.185714 0.061111 0.013839 0.038889
0 0.516964 0.152431 0.012054 0.027083
0 0.535156 0.153819 0.014063 0.009028
0 0.006696 0.090972 0.007143 0.033333
0 0.209821 0.177778 0.008929 0.043056
0 0.229241 0.149306 0.012500 0.008333
0 0.561607 0.129861 0.004018 0.047222
0 0.024777 0.164236 0.009375 0.020139
0 0.558705 0.517361 0.007143 0.019444
0 0.008147 0.151736 0.008705 0.015972
0 0.201563 0.069097 0.008482 0.020139
0 0.193862 0.023264 0.015402 0.010417
0 0.545871 0.217708 0.014063 0.014583
0 0.248549 0.187500 0.010937 0.011111
0 0.515067 0.071875 0.009152 0.027083
0 0.227567 0.027778 0.008705 0.008333
0 0.547991 0.185417 0.007143 0.018056
0 0.211830 0.137153 0.004911 0.022917
0 0.198437 0.128819 0.004464 0.018750
0 0.241964 0.152778 0.004464 0.015278
0 0.536830 0.960417 0.004018 0.012500
0 0.543304 0.134375 0.007143 0.013194
0 0.534598 0.106250 0.004018 0.012500
0 0.558929 0.047222 0.004018 0.012500
0 0.546205 0.155556 0.005357 0.012500
0 0.188393 0.145833 0.003125 0.023611
0 0.511607 0.217361 0.004018 0.029167
0 0.254576 0.237500 0.004687 0.027778
0 0.541629 0.197917 0.003348 0.016667
0 0.528571 0.648958 0.004911 0.013194
0 0.247098 0.024306 0.004464 0.012500
0 0.577902 0.697917 0.005357 0.012500
0 0.299888 0.470486 0.004687 0.014583
0 0.628795 0.025000 0.003571 0.008333
0 0.606473 0.025000 0.003571 0.008333
0 0.257031 0.188542 0.003795 0.017361
0 0.150893 0.045833 0.004911 0.009722
0 0.244308 0.142708 0.002902 0.013194
0 0.532031 0.046875 0.003348 0.010417
0 0.482143 0.062847 0.004464 0.035417
0 0.349554 0.961806 0.004018 0.012500
0 0.525670 0.061111 0.003571 0.012500
0 0.269308 0.208681 0.003348 0.018750
0 0.505580 0.133333 0.003125 0.016667
0 0.358817 0.961111 0.004241 0.015278
0 0.217522 0.021181 0.004241 0.006250
0 0.220871 0.169444 0.002009 0.015278
0 0.311161 0.475347 0.008482 0.007639
0 0.380246 0.954514 0.004241 0.014583
0 0.361272 0.954167 0.004241 0.015278
0 0.145089 0.349653 0.003571 0.014583
0 0.145089 0.305903 0.003571 0.014583
0 0.377232 0.960764 0.004018 0.014583
0 0.139732 0.046875 0.004911 0.014583
0 0.205804 0.202083 0.007143 0.005556
0 0.507366 0.064236 0.004911 0.004861
0 0.059933 0.988194 0.004687 0.009722
0 0.631362 0.738194 0.004687 0.009722
0 0.279464 0.101389 0.004018 0.005556
0 0.532031 0.078819 0.002902 0.031250
0 0.209263 0.256944 0.002009 0.012500
0 0.177567 0.030903 0.002455 0.011806
0 0.196317 0.060764 0.004241 0.006250
0 0.535603 0.033681 0.003348 0.010417
0 0.249107 0.158681 0.004464 0.006250
0 0.092969 0.981250 0.004241 0.006944
0 0.664397 0.731250 0.004241 0.006944
0 0.196652 0.229861 0.004464 0.005556
0 0.042299 0.028819 0.004241 0.010417
0 0.230134 0.088542 0.002232 0.007639
0 0.182254 0.025347 0.005580 0.003472
0 0.272545 0.023264 0.002679 0.007639
0 0.168750 0.113889 0.001786 0.016667
0 0.276004 0.095833 0.001563 0.015278
0 0.146987 0.046875 0.001563 0.011806
0 0.500670 0.067708 0.004018 0.004861
0 0.276451 0.131944 0.002455 0.012500
0 0.279799 0.236806 0.001563 0.009722
0 0.492076 0.060417 0.002009 0.012500
0 0.072991 0.990278 0.002232 0.009722
0 0.347545 0.950347 0.002232 0.010417
0 0.644420 0.740278 0.002232 0.009722
