0 0.165513 0.131597 0.056027 0.114583
0 0.143638 0.210417 0.017188 0.083333
0 0.552455 0.503472 0.022321 0.047222
0 0.150335 0.036111 0.030580 0.036111
0 0.041741 0.090972 0.010714 0.033333
0 0.025000 0.438194 0.010714 0.033333
0 0.166629 0.242708 0.021652 0.022917
0 0.140625 0.121875 0.011161 0.039583
0 0.170759 0.184028 0.011161 0.040278
0 0.186272 0.213889 0.013616 0.059722
0 0.146094 0.067708 0.006027 0.053472
0 0.169978 0.052778 0.008705 0.052778
0 0.138504 0.308333 0.006920 0.052778
0 0.006696 0.090972 0.007143 0.033333
0 0.157366 0.186458 0.012946 0.022917
0 0.024777 0.164236 0.009375 0.020139
0 0.008147 0.151736 0.008705 0.015972
0 0.179911 0.300347 0.008482 0.018750
0 0.180357 0.259722 0.008482 0.022222
0 0.140290 0.254514 0.004687 0.032639
0 0.178125 0.032292 0.004464 0.028472
0 0.150558 0.098611 0.008259 0.011111
0 0.196987 0.125694 0.006027 0.027778
0 0.536830 0.960417 0.004018 0.012500
0 0.534598 0.106250 0.004018 0.012500
0 0.558929 0.047222 0.004018 0.012500
0 0.181920 0.063889 0.008036 0.016667
0 0.183036 0.322222 0.003571 0.034722
0 0.367411 0.414931 0.007589 0.014583
0 0.528571 0.648958 0.004911 0.013194
0 0.140737 0.097917 0.004241 0.011111
0 0.577902 0.697917 0.005357 0.012500
0 0.356250 0.417014 0.006696 0.011806
0 0.628795 0.025000 0.003571 0.008333
0 0.606473 0.025000 0.003571 0.008333
0 0.150893 0.045833 0.004911 0.009722
0 0.532031 0.046875 0.003348 0.010417
0 0.349554 0.961806 0.004018 0.012500
0 0.150446 0.282639 0.002232 0.019444
0 0.142969 0.410069 0.002455 0.015972
0 0.482143 0.062500 0.004464 0.034722
0 0.145201 0.305556 0.003795 0.015278
0 0.136607 0.092014 0.003125 0.009028
0 0.358817 0.961111 0.004241 0.015278
0 0.145089 0.349306 0.003571 0.015278
0 0.380246 0.954514 0.004241 0.014583
0 0.193750 0.268750 0.003125 0.020833
0 0.361272 0.954167 0.004241 0.015278
0 0.170759 0.222917 0.002679 0.011111
0 0.377232 0.960764 0.004018 0.014583
0 0.059933 0.988194 0.004687 0.009722
0 0.631362 0.738194 0.004687 0.009722
0 0.532031 0.078819 0.002902 0.031250
0 0.137835 0.343403 0.005580 0.009028
0 0.535603 0.033681 0.003348 0.010417
0 0.092969 0.981250 0.004241 0.006944
0 0.664397 0.731250 0.004241 0.006944
0 0.155692 0.170139 0.002009 0.009722
0 0.152902 0.054861 0.003571 0.006944
0 0.135714 0.056597 0.001339 0.014583
0 0.042299 0.028819 0.004241 0.010417
0 0.172656 0.070833 0.002902 0.006944
0 0.072991 0.990278 0.002232 0.009722
0 0.347545 0.950347 0.002232 0.010417
0 0.644420 0.740278 0.002232 0.009722
