0 0.417187 0.075347 0.060714 0.104861
0 0.392634 0.107292 0.020536 0.074306
0 0.381696 0.522569 0.021875 0.031250
0 0.041741 0.090972 0.010714 0.033333
0 0.025000 0.438194 0.010714 0.033333
0 0.414955 0.115625 0.019643 0.040972
0 0.364286 0.097569 0.031250 0.045139
0 0.433482 0.156250 0.016964 0.040278
0 0.145424 0.081944 0.020759 0.044444
0 0.006696 0.090972 0.007143 0.033333
0 0.142187 0.045139 0.009821 0.036111
0 0.380915 0.174653 0.008705 0.042361
0 0.375000 0.065972 0.011161 0.022222
0 0.402121 0.148264 0.011384 0.009028
0 0.024777 0.164236 0.009375 0.020139
0 0.558705 0.517361 0.007143 0.019444
0 0.008147 0.151736 0.008705 0.015972
0 0.362946 0.063889 0.009375 0.026389
0 0.418638 0.187500 0.011384 0.011111
0 0.402679 0.026389 0.010268 0.016667
0 0.148884 0.125694 0.007143 0.025000
0 0.497545 0.481597 0.009375 0.014583
0 0.383817 0.135417 0.005134 0.022222
0 0.413170 0.152778 0.004464 0.015278
0 0.137500 0.107986 0.004911 0.018750
0 0.370647 0.125694 0.005134 0.018056
0 0.536830 0.960417 0.004018 0.012500
0 0.534598 0.106250 0.004018 0.012500
0 0.558929 0.047222 0.004018 0.012500
0 0.360714 0.142361 0.003125 0.025000
0 0.422879 0.237847 0.005580 0.028472
0 0.528571 0.648958 0.004911 0.013194
0 0.139509 0.177431 0.008929 0.006250
0 0.423438 0.024306 0.004464 0.012500
0 0.577902 0.697917 0.005357 0.012500
0 0.427455 0.189236 0.004018 0.017361
0 0.628795 0.025000 0.003571 0.008333
0 0.606473 0.025000 0.003571 0.008333
0 0.150893 0.045833 0.004911 0.009722
0 0.416071 0.142361 0.002679 0.013889
0 0.383036 0.024653 0.006696 0.007639
0 0.532031 0.046875 0.003348 0.010417
0 0.482143 0.062847 0.004464 0.035417
0 0.349554 0.961806 0.004018 0.012500
0 0.450335 0.093403 0.002455 0.022917
0 0.439621 0.209722 0.004241 0.018056
0 0.358817 0.961111 0.004241 0.015278
0 0.156250 0.143403 0.006250 0.015972
0 0.509710 0.480556 0.005580 0.013889
0 0.380246 0.954514 0.004241 0.014583
0 0.361272 0.954167 0.004241 0.015278
0 0.145089 0.349653 0.003571 0.014583
0 0.145089 0.305903 0.003571 0.014583
0 0.147321 0.204514 0.006250 0.006250
0 0.391741 0.168056 0.002232 0.015278
0 0.377232 0.960764 0.004018 0.014583
0 0.440737 0.080903 0.005580 0.004861
0 0.453460 0.103472 0.004241 0.005556
0 0.059933 0.988194 0.004687 0.009722
0 0.631362 0.738194 0.004687 0.009722
0 0.376674 0.253819 0.002009 0.013194
0 0.393862 0.020833 0.004241 0.005556
0 0.532031 0.078819 0.002902 0.031250
0 0.136719 0.229514 0.002009 0.013194
0 0.435045 0.079514 0.004464 0.006250
0 0.535603 0.033681 0.003348 0.010417
0 0.420424 0.158681 0.004687 0.006250
0 0.092969 0.981250 0.004241 0.006944
0 0.664397 0.731250 0.004241 0.006944
0 0.163504 0.096181 0.002455 0.017361
0 0.358482 0.022222 0.005804 0.004167
0 0.042299 0.028819 0.004241 0.010417
0 0.365067 0.225694 0.004241 0.005556
0 0.353906 0.025347 0.002455 0.006250
0 0.449442 0.133333 0.002455 0.012500
0 0.146987 0.046875 0.001563 0.011806
0 0.448884 0.024306 0.003571 0.006944
0 0.341741 0.109028 0.001786 0.016667
0 0.448772 0.239583 0.001563 0.009722
0 0.376563 0.198958 0.004464 0.003472
0 0.376897 0.144792 0.001563 0.010417
0 0.072991 0.990278 0.002232 0.009722
0 0.347545 0.950347 0.002232 0.010417
0 0.644420 0.740278 0.002232 0.009722
