0 0.235603 0.156944 0.044420 0.147222
0 0.234933 0.038542 0.028795 0.040972
0 0.041741 0.090972 0.010714 0.033333
0 0.025000 0.438194 0.010714 0.033333
0 0.261384 0.042708 0.021875 0.049306
0 0.250223 0.086458 0.015625 0.039583
0 0.229241 0.260069 0.011161 0.039583
0 0.230134 0.075694 0.008036 0.048611
0 0.006696 0.090972 0.007143 0.033333
0 0.268638 0.094097 0.006920 0.047917
0 0.024777 0.164236 0.009375 0.020139
0 0.423661 0.654167 0.015625 0.012500
0 0.558705 0.517361 0.007143 0.019444
0 0.257254 0.219792 0.010491 0.015972
0 0.008147 0.151736 0.008705 0.015972
0 0.269531 0.138889 0.011830 0.022222
0 0.246094 0.055903 0.004241 0.034028
0 0.241071 0.236111 0.004018 0.027778
0 0.261719 0.110764 0.005580 0.027083
0 0.251116 0.220486 0.008929 0.010417
0 0.239509 0.285417 0.006696 0.011111
0 0.536830 0.960417 0.004018 0.012500
0 0.534598 0.106250 0.004018 0.012500
0 0.558929 0.047222 0.004018 0.012500
0 0.528571 0.648958 0.004911 0.013194
0 0.237612 0.323958 0.004687 0.014583
0 0.359933 0.023264 0.003348 0.010417
0 0.577902 0.697917 0.005357 0.012500
0 0.628795 0.025000 0.003571 0.008333
0 0.606473 0.025000 0.003571 0.008333
0 0.150893 0.045833 0.004911 0.009722
0 0.532031 0.046875 0.003348 0.010417
0 0.349554 0.961806 0.004018 0.012500
0 0.226562 0.330903 0.003125 0.022917
0 0.270759 0.188542 0.002679 0.028472
0 0.265179 0.259375 0.006250 0.013194
0 0.358817 0.961111 0.004241 0.015278
0 0.145201 0.305903 0.003795 0.014583
0 0.233817 0.294097 0.002902 0.017361
0 0.264955 0.175347 0.003125 0.018750
0 0.380246 0.954514 0.004241 0.014583
0 0.361272 0.954167 0.004241 0.015278
0 0.145089 0.349653 0.003571 0.014583
0 0.237388 0.345139 0.002902 0.023611
0 0.377232 0.960764 0.004018 0.014583
0 0.139732 0.046875 0.004911 0.014583
0 0.059933 0.988194 0.004687 0.009722
0 0.631362 0.738194 0.004687 0.009722
0 0.266629 0.298958 0.001563 0.021528
0 0.532031 0.078819 0.002902 0.031250
0 0.205692 0.073611 0.005580 0.009722
0 0.363170 0.099653 0.004018 0.009028
0 0.224219 0.078819 0.002009 0.011806
0 0.535603 0.033681 0.003348 0.010417
0 0.092969 0.981250 0.004241 0.006944
0 0.664397 0.731250 0.004241 0.006944
0 0.250335 0.069097 0.002455 0.007639
0 0.264062 0.324653 0.001339 0.015972
0 0.042299 0.028819 0.004241 0.010417
0 0.231696 0.335417 0.003125 0.008333
0 0.483036 0.055903 0.002679 0.021528
0 0.410045 0.645486 0.002232 0.009028
0 0.146987 0.046875 0.001563 0.011806
0 0.224442 0.063542 0.001563 0.011806
0 0.237835 0.251389 0.002902 0.008333
0 0.072991 0.990278 0.002232 0.009722
0 0.347545 0.950347 0.002232 0.010417
0 0.644420 0.740278 0.002232 0.009722
