0 0.374665 0.156250 0.066741 0.136111
0 0.345647 0.170833 0.017634 0.068056
0 0.369420 0.198611 0.026339 0.050000
0 0.041741 0.090972 0.010714 0.033333
0 0.343304 0.099306 0.020089 0.037500
0 0.025000 0.438194 0.010714 0.033333
0 0.318638 0.161111 0.031920 0.052778
0 0.392857 0.256250 0.019196 0.044444
0 0.355022 0.236111 0.017188 0.015278
0 0.314397 0.116319 0.014063 0.046528
0 0.336161 0.257292 0.009375 0.049306
0 0.327679 0.058681 0.015179 0.015972
0 0.006696 0.090972 0.007143 0.033333
0 0.376897 0.325000 0.015848 0.012500
0 0.330134 0.130556 0.009375 0.025000
0 0.368973 0.056250 0.014732 0.011111
0 0.331473 0.023264 0.013839 0.010417
0 0.377344 0.288194 0.013616 0.009722
0 0.375000 0.725347 0.008929 0.027083
0 0.024777 0.164236 0.009375 0.020139
0 0.390513 0.728472 0.012277 0.022222
0 0.394978 0.066319 0.005134 0.031250
0 0.558705 0.517361 0.007143 0.019444
0 0.008147 0.151736 0.008705 0.015972
0 0.388281 0.023264 0.013170 0.010417
0 0.356138 0.058681 0.006027 0.015972
0 0.357254 0.023264 0.012277 0.010417
0 0.397210 0.165278 0.012277 0.009722
0 0.358929 0.090625 0.009375 0.011806
0 0.370424 0.245139 0.005134 0.019444
0 0.338839 0.213542 0.005357 0.025694
0 0.381808 0.350000 0.006027 0.033333
0 0.380357 0.090972 0.004911 0.020833
0 0.325335 0.197917 0.005134 0.020833
0 0.347210 0.217014 0.005580 0.021528
0 0.314955 0.213194 0.003125 0.027778
0 0.423772 0.060069 0.006027 0.027083
0 0.328348 0.284028 0.012500 0.008333
0 0.536830 0.960417 0.004018 0.012500
0 0.534598 0.106250 0.004018 0.012500
0 0.558929 0.047222 0.004018 0.012500
0 0.386049 0.292708 0.004687 0.018750
0 0.411272 0.185764 0.002902 0.028472
0 0.373437 0.233333 0.003125 0.016667
0 0.528571 0.648958 0.004911 0.013194
0 0.400223 0.323611 0.005357 0.022222
0 0.382031 0.059375 0.005580 0.014583
0 0.139397 0.052083 0.005580 0.025000
0 0.415179 0.199653 0.005357 0.007639
0 0.577902 0.697917 0.005357 0.012500
0 0.628795 0.025000 0.003571 0.008333
0 0.606473 0.025000 0.003571 0.008333
0 0.150893 0.045833 0.004911 0.009722
0 0.339732 0.063889 0.006250 0.005556
0 0.532031 0.046875 0.003348 0.010417
0 0.482143 0.062847 0.004464 0.035417
0 0.349554 0.961806 0.004018 0.012500
0 0.358817 0.961111 0.004241 0.015278
0 0.332701 0.348611 0.002009 0.015278
0 0.378237 0.254514 0.005134 0.007639
0 0.380246 0.954514 0.004241 0.014583
0 0.361272 0.954167 0.004241 0.015278
0 0.145089 0.349653 0.003571 0.014583
0 0.145089 0.305903 0.003571 0.014583
0 0.377232 0.960764 0.004018 0.014583
0 0.409263 0.100694 0.004241 0.006944
0 0.059933 0.988194 0.004687 0.009722
0 0.631362 0.738194 0.004687 0.009722
0 0.306920 0.079167 0.002232 0.012500
0 0.532031 0.078819 0.002902 0.031250
0 0.327009 0.104861 0.006696 0.005556
0 0.325112 0.119444 0.004687 0.006944
0 0.405580 0.038194 0.002679 0.008333
0 0.535603 0.033681 0.003348 0.010417
0 0.410491 0.234722 0.003125 0.015278
0 0.359598 0.163889 0.002232 0.009722
0 0.388281 0.057986 0.005134 0.004861
0 0.092969 0.981250 0.004241 0.006944
0 0.664397 0.731250 0.004241 0.006944
0 0.385826 0.097222 0.003795 0.005556
0 0.410714 0.364583 0.001786 0.011111
0 0.320536 0.312153 0.004464 0.006250
0 0.295982 0.169792 0.001786 0.018750
0 0.331808 0.222222 0.001563 0.012500
0 0.042299 0.028819 0.004241 0.010417
0 0.373661 0.361806 0.004018 0.004167
0 0.146987 0.046875 0.001563 0.011806
0 0.421094 0.084722 0.002455 0.008333
0 0.379799 0.244097 0.003795 0.006250
0 0.401116 0.374306 0.002679 0.005556
0 0.072991 0.990278 0.002232 0.009722
0 0.347545 0.950347 0.002232 0.010417
0 0.644420 0.740278 0.002232 0.009722
