0 0.505804 0.182639 0.060714 0.158333
0 0.477232 0.181250 0.012500 0.079167
0 0.498103 0.217708 0.027009 0.057639
0 0.465625 0.050000 0.022321 0.063889
0 0.041741 0.090972 0.010714 0.033333
0 0.478906 0.102778 0.018080 0.045833
0 0.025000 0.438194 0.010714 0.033333
0 0.518973 0.291319 0.018750 0.040972
0 0.454464 0.152778 0.027679 0.056944
0 0.482143 0.252083 0.019643 0.019444
0 0.452455 0.110417 0.011607 0.050000
0 0.515290 0.096875 0.009152 0.052083
0 0.505134 0.323264 0.016964 0.025694
0 0.466629 0.261806 0.006920 0.051389
0 0.299107 0.068056 0.009375 0.075000
0 0.006696 0.090972 0.007143 0.033333
0 0.503795 0.068056 0.013393 0.020833
0 0.501339 0.354861 0.014732 0.020833
0 0.465513 0.130903 0.008705 0.024306
0 0.024777 0.164236 0.009375 0.020139
0 0.558705 0.517361 0.007143 0.019444
0 0.008147 0.151736 0.008705 0.015972
0 0.526563 0.198264 0.011607 0.014583
0 0.527902 0.096181 0.004464 0.024306
0 0.492857 0.101389 0.008482 0.015278
0 0.497991 0.268750 0.004464 0.020833
0 0.504687 0.383333 0.006250 0.033333
0 0.470536 0.219444 0.004911 0.025000
0 0.476786 0.071181 0.006696 0.017361
0 0.284821 0.032639 0.004018 0.029167
0 0.459040 0.196875 0.005134 0.021528
0 0.286496 0.070139 0.005134 0.023611
0 0.536830 0.960417 0.004018 0.012500
0 0.534598 0.106250 0.004018 0.012500
0 0.558929 0.047222 0.004018 0.012500
0 0.539397 0.227083 0.003795 0.030556
0 0.328795 0.438542 0.009821 0.007639
0 0.458929 0.286111 0.010714 0.013889
0 0.449665 0.207986 0.003348 0.028472
0 0.287388 0.099306 0.006473 0.019444
0 0.501228 0.257639 0.002902 0.018056
0 0.528571 0.648958 0.004911 0.013194
0 0.523214 0.365972 0.004464 0.023611
0 0.275112 0.026736 0.010045 0.017361
0 0.542634 0.243403 0.004911 0.010417
0 0.307701 0.023264 0.007812 0.010417
0 0.577902 0.697917 0.005357 0.012500
0 0.483482 0.085764 0.004018 0.009028
0 0.488951 0.083681 0.003348 0.013194
0 0.628795 0.025000 0.003571 0.008333
0 0.606473 0.025000 0.003571 0.008333
0 0.150893 0.045833 0.004911 0.009722
0 0.482143 0.062847 0.004464 0.035417
0 0.532031 0.046875 0.003348 0.010417
0 0.349554 0.961806 0.004018 0.012500
0 0.292857 0.022222 0.005357 0.008333
0 0.358817 0.961111 0.004241 0.015278
0 0.505134 0.281944 0.004911 0.009722
0 0.380246 0.954514 0.004241 0.014583
0 0.361272 0.954167 0.004241 0.015278
0 0.541071 0.134375 0.003571 0.007639
0 0.145089 0.305903 0.003571 0.014583
0 0.145089 0.349653 0.003571 0.014583
0 0.460603 0.353819 0.002009 0.015972
0 0.377232 0.960764 0.004018 0.014583
0 0.461496 0.117708 0.003795 0.009028
0 0.139732 0.046875 0.004911 0.014583
0 0.536719 0.278472 0.003348 0.016667
0 0.059933 0.988194 0.004687 0.009722
0 0.631362 0.738194 0.004687 0.009722
0 0.532031 0.078819 0.002902 0.031250
0 0.521987 0.078819 0.005134 0.006250
0 0.535603 0.033681 0.003348 0.010417
0 0.532254 0.417014 0.002009 0.013194
0 0.491071 0.178125 0.002232 0.010417
0 0.447098 0.069444 0.002232 0.012500
0 0.306808 0.060764 0.002009 0.020139
0 0.291964 0.036806 0.002232 0.016667
0 0.463616 0.103472 0.005804 0.008333
0 0.092969 0.981250 0.004241 0.006944
0 0.664397 0.731250 0.004241 0.006944
0 0.518080 0.119792 0.003571 0.006250
0 0.451228 0.065972 0.005134 0.006944
0 0.451116 0.310764 0.004018 0.006250
0 0.042299 0.028819 0.004241 0.010417
0 0.553237 0.122222 0.002902 0.008333
0 0.496987 0.391319 0.003795 0.006250
0 0.146987 0.046875 0.001563 0.011806
0 0.478906 0.233681 0.002455 0.010417
0 0.463839 0.225347 0.001339 0.011806
0 0.511830 0.386458 0.004018 0.006250
0 0.507031 0.272222 0.003795 0.005556
0 0.492076 0.060417 0.002009 0.012500
0 0.514844 0.370486 0.004687 0.007639
0 0.072991 0.990278 0.002232 0.009722
0 0.347545 0.950347 0.002232 0.010417
0 0.644420 0.740278 0.002232 0.009722
