0 0.179353 0.071181 0.017634 0.068750
0 0.041741 0.090972 0.010714 0.033333
0 0.025000 0.438194 0.010714 0.033333
0 0.508259 0.076389 0.020536 0.038889
0 0.177009 0.132986 0.015179 0.052083
0 0.504353 0.140278 0.010491 0.051389
0 0.171317 0.065972 0.009598 0.033333
0 0.185938 0.163889 0.014286 0.026389
0 0.006696 0.090972 0.007143 0.033333
0 0.163616 0.146181 0.012054 0.042361
0 0.024777 0.164236 0.009375 0.020139
0 0.558705 0.517361 0.007143 0.019444
0 0.008147 0.151736 0.008705 0.015972
0 0.166629 0.032986 0.006920 0.029861
0 0.492076 0.181250 0.006473 0.008333
0 0.506473 0.099306 0.005804 0.020833
0 0.499888 0.098958 0.008259 0.027083
0 0.536830 0.960417 0.004018 0.012500
0 0.534598 0.106250 0.004018 0.012500
0 0.558929 0.047222 0.004018 0.012500
0 0.161272 0.064236 0.008705 0.020139
0 0.514062 0.163194 0.006250 0.022222
0 0.528571 0.648958 0.004911 0.013194
0 0.499888 0.181597 0.006027 0.007639
0 0.160045 0.095833 0.005357 0.011111
0 0.577902 0.697917 0.005357 0.012500
0 0.172879 0.218750 0.004241 0.031944
0 0.628795 0.025000 0.003571 0.008333
0 0.606473 0.025000 0.003571 0.008333
0 0.150893 0.045833 0.004911 0.009722
0 0.532031 0.046875 0.003348 0.010417
0 0.349554 0.961806 0.004018 0.012500
0 0.274330 0.444444 0.005804 0.011111
0 0.516295 0.102778 0.004018 0.009722
0 0.358817 0.961111 0.004241 0.015278
0 0.186607 0.094444 0.004911 0.023611
0 0.380246 0.954514 0.004241 0.014583
0 0.361272 0.954167 0.004241 0.015278
0 0.145089 0.305903 0.003571 0.014583
0 0.145089 0.349653 0.003571 0.014583
0 0.162054 0.123611 0.003571 0.019444
0 0.377232 0.960764 0.004018 0.014583
0 0.139732 0.046875 0.004911 0.014583
0 0.059933 0.988194 0.004687 0.009722
0 0.631362 0.738194 0.004687 0.009722
0 0.188728 0.109375 0.004241 0.009028
0 0.482589 0.058681 0.003571 0.027083
0 0.496987 0.118056 0.004241 0.012500
0 0.532031 0.078819 0.002902 0.031250
0 0.260714 0.444792 0.004018 0.011806
0 0.166071 0.104167 0.004464 0.008333
0 0.535603 0.033681 0.003348 0.010417
0 0.092969 0.981250 0.004241 0.006944
0 0.664397 0.731250 0.004241 0.006944
0 0.495201 0.172917 0.002902 0.011111
0 0.181027 0.153125 0.002232 0.015972
0 0.167187 0.175694 0.001786 0.016667
0 0.042299 0.028819 0.004241 0.010417
0 0.172545 0.023611 0.001786 0.011111
0 0.512054 0.111111 0.003125 0.008333
0 0.166518 0.115972 0.002232 0.011111
0 0.146987 0.046875 0.001563 0.011806
0 0.172433 0.177083 0.001563 0.016667
0 0.506696 0.217361 0.002232 0.016667
0 0.175223 0.171181 0.002232 0.014583
0 0.514509 0.134722 0.002232 0.012500
0 0.072991 0.990278 0.002232 0.009722
0 0.347545 0.950347 0.002232 0.010417
0 0.644420 0.740278 0.002232 0.009722
