0 0.146429 0.132292 0.022768 0.118750
0 0.041741 0.090972 0.010714 0.033333
0 0.025000 0.438194 0.010714 0.033333
0 0.525000 0.308333 0.017857 0.016667
0 0.154129 0.229861 0.016741 0.019444
0 0.142746 0.185417 0.015402 0.026389
0 0.151228 0.035417 0.010045 0.034722
0 0.006696 0.090972 0.007143 0.033333
0 0.541295 0.218403 0.006250 0.047917
0 0.168527 0.101389 0.007589 0.050000
0 0.315848 0.646875 0.014286 0.015972
0 0.170759 0.139931 0.013839 0.045139
0 0.139955 0.220486 0.009821 0.015972
0 0.140960 0.060417 0.007366 0.041667
0 0.024777 0.164236 0.009375 0.020139
0 0.558705 0.517361 0.007143 0.019444
0 0.164732 0.064583 0.015179 0.020833
0 0.008147 0.151736 0.008705 0.015972
0 0.160491 0.119097 0.006696 0.028472
0 0.270647 0.026389 0.006473 0.016667
0 0.139509 0.249306 0.004911 0.029167
0 0.150670 0.062847 0.005357 0.014583
0 0.138616 0.299306 0.007143 0.011111
0 0.167411 0.267361 0.008482 0.020833
0 0.536830 0.960417 0.004018 0.012500
0 0.534598 0.106250 0.004018 0.012500
0 0.558929 0.047222 0.004018 0.012500
0 0.136607 0.032986 0.003125 0.017361
0 0.528571 0.648958 0.004911 0.013194
0 0.137165 0.339583 0.004241 0.015278
0 0.173103 0.197917 0.003348 0.029167
0 0.577902 0.697917 0.005357 0.012500
0 0.628795 0.025000 0.003571 0.008333
0 0.606473 0.025000 0.003571 0.008333
0 0.166071 0.185069 0.004018 0.020139
0 0.150893 0.045833 0.004911 0.009722
0 0.540513 0.179514 0.002455 0.024306
0 0.137388 0.362153 0.003795 0.027083
0 0.532031 0.046875 0.003348 0.010417
0 0.349554 0.961806 0.004018 0.012500
0 0.170313 0.311806 0.001786 0.025000
0 0.277344 0.072569 0.003348 0.028472
0 0.482143 0.062500 0.004464 0.034722
0 0.358817 0.961111 0.004241 0.015278
0 0.539844 0.143403 0.002455 0.020139
0 0.539397 0.290625 0.002902 0.025694
0 0.380246 0.954514 0.004241 0.014583
0 0.361272 0.954167 0.004241 0.015278
0 0.145089 0.349653 0.003571 0.014583
0 0.145089 0.305903 0.003571 0.014583
0 0.377232 0.960764 0.004018 0.014583
0 0.059933 0.988194 0.004687 0.009722
0 0.631362 0.738194 0.004687 0.009722
0 0.146875 0.077083 0.002679 0.008333
0 0.532031 0.078819 0.002902 0.031250
0 0.277009 0.100694 0.004018 0.009722
0 0.536272 0.371528 0.002009 0.018056
0 0.261830 0.031597 0.004018 0.010417
0 0.536830 0.301042 0.001786 0.018750
0 0.535603 0.033681 0.003348 0.010417
0 0.168080 0.336806 0.001786 0.016667
0 0.092969 0.981250 0.004241 0.006944
0 0.664397 0.731250 0.004241 0.006944
0 0.309375 0.627778 0.002679 0.009722
0 0.159263 0.206597 0.002009 0.010417
0 0.538728 0.163194 0.001563 0.018056
0 0.538839 0.199306 0.001339 0.018056
0 0.042299 0.028819 0.004241 0.010417
0 0.278460 0.026389 0.003348 0.008333
0 0.143415 0.373264 0.002902 0.007639
0 0.509598 0.067361 0.004018 0.004167
0 0.173661 0.295139 0.003125 0.008333
0 0.155804 0.055903 0.003571 0.004861
0 0.136272 0.264931 0.002455 0.007639
0 0.492076 0.060417 0.002009 0.012500
0 0.072991 0.990278 0.002232 0.009722
0 0.347545 0.950347 0.002232 0.010417
0 0.644420 0.740278 0.002232 0.009722
