0 0.515179 0.187153 0.036161 0.159028
0 0.041741 0.090972 0.010714 0.033333
0 0.025000 0.438194 0.010714 0.033333
0 0.504799 0.109375 0.014063 0.040972
0 0.496763 0.249653 0.018080 0.018750
0 0.521205 0.297222 0.010714 0.040278
0 0.487946 0.156944 0.014286 0.040278
0 0.006696 0.090972 0.007143 0.033333
0 0.353125 0.655208 0.015625 0.013194
0 0.024777 0.164236 0.009375 0.020139
0 0.558705 0.517361 0.007143 0.019444
0 0.008147 0.151736 0.008705 0.015972
0 0.499665 0.071181 0.008705 0.022917
0 0.509040 0.076736 0.004241 0.035417
0 0.516071 0.070139 0.007589 0.023611
0 0.408036 0.028819 0.004464 0.021528
0 0.510379 0.360764 0.007812 0.021528
0 0.510156 0.269097 0.004687 0.028472
0 0.511830 0.322917 0.007143 0.013889
0 0.536830 0.960417 0.004018 0.012500
0 0.534598 0.106250 0.004018 0.012500
0 0.558929 0.047222 0.004018 0.012500
0 0.523772 0.089583 0.005580 0.030556
0 0.487946 0.102083 0.005804 0.020833
0 0.523884 0.060764 0.006696 0.011806
0 0.528571 0.648958 0.004911 0.013194
0 0.488281 0.127431 0.005134 0.024306
0 0.529799 0.131597 0.006473 0.010417
0 0.151228 0.045833 0.005580 0.009722
0 0.520424 0.110764 0.002455 0.028472
0 0.414397 0.031597 0.006920 0.017361
0 0.577902 0.697917 0.005357 0.012500
0 0.494085 0.127083 0.005134 0.016667
0 0.628795 0.025000 0.003571 0.008333
0 0.606473 0.025000 0.003571 0.008333
0 0.534598 0.242361 0.004464 0.022222
0 0.532031 0.046875 0.003348 0.010417
0 0.349554 0.961806 0.004018 0.012500
0 0.344531 0.635764 0.002902 0.013194
0 0.358817 0.961111 0.004241 0.015278
0 0.482143 0.062500 0.004464 0.034722
0 0.380246 0.954514 0.004241 0.014583
0 0.361272 0.954167 0.004241 0.015278
0 0.145089 0.305903 0.003571 0.014583
0 0.489621 0.200000 0.002902 0.019444
0 0.528906 0.104861 0.002455 0.012500
0 0.145089 0.349653 0.003571 0.014583
0 0.516295 0.332292 0.002679 0.017361
0 0.377232 0.960764 0.004018 0.014583
0 0.139732 0.046875 0.004911 0.014583
0 0.167634 0.065278 0.006250 0.005556
0 0.403125 0.030556 0.003571 0.009722
0 0.059933 0.988194 0.004687 0.009722
0 0.631362 0.738194 0.004687 0.009722
0 0.494531 0.081944 0.004241 0.009722
0 0.532031 0.078819 0.002902 0.031250
0 0.535603 0.033681 0.003348 0.010417
0 0.092969 0.981250 0.004241 0.006944
0 0.664397 0.731250 0.004241 0.006944
0 0.512165 0.387847 0.002902 0.015972
0 0.504687 0.090625 0.002232 0.007639
0 0.522433 0.367708 0.002009 0.013194
0 0.535491 0.137153 0.002679 0.007639
0 0.042299 0.028819 0.004241 0.010417
0 0.513393 0.286806 0.002679 0.009722
0 0.146987 0.046875 0.001563 0.011806
0 0.154353 0.024653 0.002009 0.011806
0 0.484821 0.206944 0.001339 0.016667
0 0.072991 0.990278 0.002232 0.009722
0 0.347545 0.950347 0.002232 0.010417
0 0.644420 0.740278 0.002232 0.009722
0 0.404687 0.108333 0.002679 0.008333
