0 0.364732 0.085417 0.037946 0.069444
0 0.041741 0.090972 0.010714 0.033333
0 0.335156 0.079861 0.013616 0.052778
0 0.025000 0.438194 0.010714 0.033333
0 0.354018 0.102431 0.020536 0.039583
0 0.144085 0.064931 0.018080 0.093750
0 0.313728 0.075347 0.025223 0.042361
0 0.372656 0.146528 0.014955 0.037500
0 0.006696 0.090972 0.007143 0.033333
0 0.151116 0.029514 0.018750 0.022917
0 0.024777 0.164236 0.009375 0.020139
0 0.342857 0.131944 0.012946 0.009722
0 0.558705 0.517361 0.007143 0.019444
0 0.327790 0.152431 0.007366 0.039583
0 0.008147 0.151736 0.008705 0.015972
0 0.360268 0.203472 0.012500 0.009722
0 0.149777 0.049306 0.007143 0.016667
0 0.360603 0.174306 0.010491 0.008333
0 0.355022 0.023264 0.009152 0.010417
0 0.536830 0.960417 0.004018 0.012500
0 0.534598 0.106250 0.004018 0.012500
0 0.558929 0.047222 0.004018 0.012500
0 0.335379 0.023264 0.004241 0.010417
0 0.310268 0.024306 0.009375 0.008333
0 0.528571 0.648958 0.004911 0.013194
0 0.330022 0.115972 0.004241 0.020833
0 0.376339 0.022222 0.008929 0.008333
0 0.355022 0.138889 0.003795 0.015278
0 0.319196 0.104167 0.004018 0.016667
0 0.364286 0.224306 0.004464 0.026389
0 0.577902 0.697917 0.005357 0.012500
0 0.310826 0.117708 0.002455 0.022917
0 0.628795 0.025000 0.003571 0.008333
0 0.606473 0.025000 0.003571 0.008333
0 0.299107 0.029167 0.005357 0.016667
0 0.336607 0.117361 0.004018 0.018056
0 0.156138 0.066319 0.004687 0.021528
0 0.532031 0.046875 0.003348 0.010417
0 0.311942 0.053819 0.006920 0.006250
0 0.349554 0.961806 0.004018 0.012500
0 0.321875 0.054861 0.004911 0.008333
0 0.329688 0.023264 0.004018 0.010417
0 0.358817 0.961111 0.004241 0.015278
0 0.367522 0.177778 0.003348 0.015278
0 0.357366 0.129514 0.002232 0.013194
0 0.380246 0.954514 0.004241 0.014583
0 0.361272 0.954167 0.004241 0.015278
0 0.145089 0.305903 0.003571 0.014583
0 0.354241 0.464236 0.003125 0.013194
0 0.145089 0.349653 0.003571 0.014583
0 0.377232 0.960764 0.004018 0.014583
0 0.378237 0.200347 0.003348 0.017361
0 0.059933 0.988194 0.004687 0.009722
0 0.631362 0.738194 0.004687 0.009722
0 0.532031 0.078819 0.002902 0.031250
0 0.535603 0.033681 0.003348 0.010417
0 0.362835 0.473264 0.006027 0.004861
0 0.378013 0.073958 0.004687 0.004861
0 0.092969 0.981250 0.004241 0.006944
0 0.664397 0.731250 0.004241 0.006944
0 0.482589 0.058333 0.003571 0.026389
0 0.389732 0.098611 0.004018 0.005556
0 0.372879 0.071875 0.003795 0.006250
0 0.325446 0.227778 0.001786 0.012500
0 0.042299 0.028819 0.004241 0.010417
0 0.361161 0.146181 0.004018 0.006250
0 0.137165 0.078125 0.001563 0.013194
0 0.320201 0.174653 0.003795 0.004861
0 0.072991 0.990278 0.002232 0.009722
0 0.347545 0.950347 0.002232 0.010417
0 0.644420 0.740278 0.002232 0.009722
