0 0.146317 0.188889 0.022545 0.123611
0 0.041741 0.090972 0.010714 0.033333
0 0.025000 0.438194 0.010714 0.033333
0 0.153237 0.275347 0.010045 0.056250
0 0.141518 0.296528 0.012946 0.033333
0 0.139844 0.051389 0.009598 0.025000
0 0.006696 0.090972 0.007143 0.033333
0 0.559933 0.378472 0.007366 0.018056
0 0.258705 0.049306 0.015179 0.034722
0 0.024777 0.164236 0.009375 0.020139
0 0.558705 0.517361 0.007143 0.019444
0 0.008147 0.151736 0.008705 0.015972
0 0.142634 0.240278 0.004464 0.033333
0 0.521094 0.102778 0.010491 0.006944
0 0.266629 0.075347 0.010937 0.009028
0 0.149777 0.046528 0.007143 0.012500
0 0.144308 0.082986 0.003795 0.028472
0 0.481138 0.062847 0.006473 0.035417
0 0.536830 0.960417 0.004018 0.012500
0 0.534598 0.106250 0.004018 0.012500
0 0.558929 0.047222 0.004018 0.012500
0 0.343192 0.436458 0.008705 0.010417
0 0.136942 0.117708 0.003795 0.025694
0 0.528571 0.648958 0.004911 0.013194
0 0.147879 0.116319 0.006473 0.015972
0 0.577902 0.697917 0.005357 0.012500
0 0.628795 0.025000 0.003571 0.008333
0 0.606473 0.025000 0.003571 0.008333
0 0.143750 0.023264 0.007143 0.010417
0 0.258482 0.027431 0.008036 0.018750
0 0.532031 0.046875 0.003348 0.010417
0 0.151786 0.399653 0.002679 0.031250
0 0.349554 0.961806 0.004018 0.012500
0 0.137835 0.101389 0.004241 0.009722
0 0.358817 0.961111 0.004241 0.015278
0 0.268973 0.037500 0.002679 0.011111
0 0.136942 0.233333 0.003795 0.011111
0 0.380246 0.954514 0.004241 0.014583
0 0.361272 0.954167 0.004241 0.015278
0 0.160379 0.193403 0.003795 0.011806
0 0.377232 0.960764 0.004018 0.014583
0 0.145089 0.349653 0.003571 0.014583
0 0.059933 0.988194 0.004687 0.009722
0 0.631362 0.738194 0.004687 0.009722
0 0.532031 0.078819 0.002902 0.031250
0 0.135826 0.033681 0.001563 0.015972
0 0.257701 0.093056 0.002902 0.013889
0 0.535603 0.033681 0.003348 0.010417
0 0.092969 0.981250 0.004241 0.006944
0 0.664397 0.731250 0.004241 0.006944
0 0.136719 0.265278 0.003348 0.006944
0 0.042299 0.028819 0.004241 0.010417
0 0.331473 0.431250 0.002232 0.011111
0 0.159487 0.332292 0.002455 0.010417
0 0.136719 0.082639 0.002009 0.011111
0 0.072991 0.990278 0.002232 0.009722
0 0.347545 0.950347 0.002232 0.010417
0 0.644420 0.740278 0.002232 0.009722
