0 0.205915 0.110764 0.063616 0.127083
0 0.041741 0.090972 0.010714 0.033333
0 0.227121 0.053125 0.023884 0.035417
0 0.212835 0.145833 0.021205 0.045833
0 0.025000 0.438194 0.010714 0.033333
0 0.526116 0.392361 0.023214 0.026389
0 0.195089 0.202083 0.015625 0.038889
0 0.254688 0.056250 0.011161 0.059722
0 0.197656 0.039236 0.011384 0.042361
0 0.242299 0.195833 0.012723 0.050000
0 0.255469 0.104514 0.018080 0.047917
0 0.405134 0.037500 0.008482 0.038889
0 0.006696 0.090972 0.007143 0.033333
0 0.226897 0.175694 0.014063 0.011111
0 0.024777 0.164236 0.009375 0.020139
0 0.558705 0.517361 0.007143 0.019444
0 0.008147 0.151736 0.008705 0.015972
0 0.246540 0.028125 0.012277 0.020139
0 0.242634 0.078819 0.007589 0.022917
0 0.209487 0.228125 0.009598 0.009028
0 0.232366 0.025347 0.007143 0.011806
0 0.286496 0.615972 0.010937 0.008333
0 0.221763 0.029167 0.004241 0.022222
0 0.412165 0.071528 0.005580 0.030556
0 0.189174 0.032292 0.003348 0.024306
0 0.413616 0.049306 0.004018 0.012500
0 0.206250 0.262153 0.006250 0.013194
0 0.212946 0.188889 0.004018 0.018056
0 0.256920 0.152431 0.003571 0.027083
0 0.536830 0.960417 0.004018 0.012500
0 0.534598 0.106250 0.004018 0.012500
0 0.558929 0.047222 0.004018 0.012500
0 0.411384 0.100347 0.007143 0.020139
0 0.528571 0.648958 0.004911 0.013194
0 0.481696 0.062500 0.005357 0.034722
0 0.237723 0.152083 0.004464 0.018056
0 0.248214 0.138889 0.004464 0.018056
0 0.190625 0.264236 0.004464 0.020139
0 0.398214 0.022222 0.006250 0.008333
0 0.249888 0.253472 0.002455 0.022222
0 0.201116 0.234722 0.004018 0.016667
0 0.401004 0.073611 0.003348 0.023611
0 0.390067 0.023264 0.006473 0.010417
0 0.577902 0.697917 0.005357 0.012500
0 0.205915 0.281944 0.004241 0.023611
0 0.628795 0.025000 0.003571 0.008333
0 0.606473 0.025000 0.003571 0.008333
0 0.150893 0.045833 0.004911 0.009722
0 0.227009 0.031944 0.003571 0.016667
0 0.532031 0.046875 0.003348 0.010417
0 0.349554 0.961806 0.004018 0.012500
0 0.175000 0.153819 0.004464 0.007639
0 0.210603 0.178125 0.002455 0.014583
0 0.394196 0.130556 0.005804 0.016667
0 0.358817 0.961111 0.004241 0.015278
0 0.230134 0.160417 0.002232 0.018056
0 0.145089 0.305903 0.003571 0.014583
0 0.380246 0.954514 0.004241 0.014583
0 0.361272 0.954167 0.004241 0.015278
0 0.145089 0.349653 0.003571 0.014583
0 0.245647 0.274653 0.002009 0.014583
0 0.377232 0.960764 0.004018 0.014583
0 0.139732 0.046875 0.004911 0.014583
0 0.391741 0.060764 0.002232 0.020139
0 0.165402 0.032639 0.003571 0.013889
0 0.059933 0.988194 0.004687 0.009722
0 0.631362 0.738194 0.004687 0.009722
0 0.239844 0.020486 0.006027 0.004861
0 0.424330 0.036458 0.005804 0.015972
0 0.532031 0.078819 0.002902 0.031250
0 0.197879 0.270139 0.004687 0.006944
0 0.535603 0.033681 0.003348 0.010417
0 0.295982 0.600347 0.002232 0.014583
0 0.467076 0.054514 0.004687 0.007639
0 0.092969 0.981250 0.004241 0.006944
0 0.664397 0.731250 0.004241 0.006944
0 0.416071 0.026389 0.004018 0.005556
0 0.264062 0.162500 0.004464 0.011111
0 0.207254 0.197222 0.003795 0.006944
0 0.254464 0.239931 0.004464 0.006250
0 0.213170 0.294444 0.003571 0.005556
0 0.244531 0.056944 0.005134 0.006944
0 0.042299 0.028819 0.004241 0.010417
0 0.180022 0.185417 0.002902 0.013889
0 0.197098 0.057292 0.003125 0.006250
0 0.214509 0.257292 0.003571 0.006250
0 0.241406 0.112847 0.002902 0.006250
0 0.146987 0.046875 0.001563 0.011806
0 0.413170 0.036111 0.002232 0.009722
0 0.219866 0.113542 0.001786 0.007639
0 0.246317 0.069444 0.002902 0.006944
0 0.072991 0.990278 0.002232 0.009722
0 0.347545 0.950347 0.002232 0.010417
0 0.644420 0.740278 0.002232 0.009722
