0 0.397321 0.094444 0.070982 0.131944
0 0.232701 0.506944 0.028795 0.033333
0 0.170759 0.045139 0.034821 0.054167
0 0.041741 0.090972 0.010714 0.033333
0 0.025000 0.438194 0.010714 0.033333
0 0.427232 0.050000 0.019196 0.030556
0 0.398438 0.120833 0.016071 0.030556
0 0.456585 0.072569 0.016741 0.057639
0 0.454911 0.125347 0.024107 0.043750
0 0.381027 0.157292 0.015625 0.043750
0 0.436496 0.201736 0.018080 0.053472
0 0.445089 0.030903 0.019643 0.025694
0 0.006696 0.090972 0.007143 0.033333
0 0.376786 0.067361 0.013839 0.033333
0 0.440625 0.084722 0.012054 0.022222
0 0.409152 0.160069 0.012946 0.010417
0 0.177009 0.091319 0.008036 0.024306
0 0.024777 0.164236 0.009375 0.020139
0 0.558705 0.517361 0.007143 0.019444
0 0.008147 0.151736 0.008705 0.015972
0 0.141518 0.040625 0.008482 0.029861
0 0.429576 0.024306 0.009152 0.012500
0 0.453460 0.171181 0.004687 0.027083
0 0.150112 0.050000 0.007812 0.018056
0 0.394531 0.194444 0.010491 0.015278
0 0.161384 0.087153 0.011607 0.007639
0 0.375446 0.023264 0.014286 0.010417
0 0.443304 0.148611 0.004911 0.020833
0 0.429799 0.152778 0.005134 0.023611
0 0.412835 0.036111 0.008705 0.008333
0 0.440067 0.264583 0.003348 0.022222
0 0.389955 0.221181 0.006696 0.009028
0 0.536830 0.960417 0.004018 0.012500
0 0.534598 0.106250 0.004018 0.012500
0 0.558929 0.047222 0.004018 0.012500
0 0.528571 0.648958 0.004911 0.013194
0 0.422656 0.026389 0.004241 0.016667
0 0.399888 0.161458 0.004241 0.015972
0 0.374219 0.209375 0.004687 0.020139
0 0.577902 0.697917 0.005357 0.012500
0 0.433594 0.280556 0.002902 0.015278
0 0.417187 0.024653 0.003125 0.013194
0 0.628795 0.025000 0.003571 0.008333
0 0.606473 0.025000 0.003571 0.008333
0 0.237835 0.477083 0.008705 0.005556
0 0.385937 0.191319 0.004018 0.015972
0 0.388616 0.239583 0.004018 0.022222
0 0.532031 0.046875 0.003348 0.010417
0 0.463170 0.193403 0.006250 0.020139
0 0.156473 0.143056 0.006250 0.005556
0 0.349554 0.961806 0.004018 0.012500
0 0.482143 0.062847 0.004464 0.035417
0 0.397768 0.149653 0.002679 0.013194
0 0.358817 0.961111 0.004241 0.015278
0 0.181250 0.143750 0.003571 0.018056
0 0.380246 0.954514 0.004241 0.014583
0 0.361272 0.954167 0.004241 0.015278
0 0.145089 0.305903 0.003571 0.014583
0 0.440960 0.039931 0.004687 0.006250
0 0.445982 0.255903 0.005804 0.006250
0 0.145089 0.349653 0.003571 0.014583
0 0.377232 0.960764 0.004018 0.014583
0 0.059933 0.988194 0.004687 0.009722
0 0.631362 0.738194 0.004687 0.009722
0 0.248214 0.464583 0.002679 0.013889
0 0.532031 0.078819 0.002902 0.031250
0 0.442746 0.063542 0.006920 0.006250
0 0.421094 0.182639 0.002009 0.011111
0 0.535603 0.033681 0.003348 0.010417
0 0.155804 0.110417 0.002679 0.013889
0 0.458705 0.043056 0.006250 0.004167
0 0.394866 0.023264 0.002232 0.010417
0 0.092969 0.981250 0.004241 0.006944
0 0.664397 0.731250 0.004241 0.006944
0 0.436161 0.115625 0.003571 0.006250
0 0.184375 0.075694 0.002232 0.013889
0 0.381250 0.220139 0.004464 0.004167
0 0.140067 0.020833 0.003795 0.005556
0 0.422879 0.199306 0.002902 0.008333
0 0.393750 0.164583 0.004018 0.005556
0 0.042299 0.028819 0.004241 0.010417
0 0.395759 0.258333 0.004018 0.004167
0 0.404911 0.143056 0.002679 0.006944
0 0.410826 0.097917 0.002009 0.008333
0 0.367076 0.059375 0.003795 0.004861
0 0.492076 0.060417 0.002009 0.012500
0 0.072991 0.990278 0.002232 0.009722
0 0.347545 0.950347 0.002232 0.010417
0 0.644420 0.740278 0.002232 0.009722
