0 0.377679 0.359722 0.020982 0.027778
0 0.041741 0.090972 0.010714 0.033333
0 0.025000 0.438194 0.010714 0.033333
0 0.006696 0.090972 0.007143 0.033333
0 0.541071 0.879167 0.007143 0.022222
0 0.024777 0.164236 0.009375 0.020139
0 0.558929 0.517361 0.007143 0.019444
0 0.008147 0.151736 0.008705 0.015972
0 0.536830 0.960417 0.004018 0.012500
0 0.534598 0.106250 0.004018 0.012500
0 0.558929 0.047222 0.004018 0.012500
0 0.528795 0.648958 0.004911 0.013194
0 0.577902 0.697917 0.005357 0.012500
0 0.628795 0.025000 0.003571 0.008333
0 0.606473 0.025000 0.003571 0.008333
0 0.150893 0.045833 0.004911 0.009722
0 0.532031 0.046875 0.003348 0.010417
0 0.349554 0.961806 0.004018 0.012500
0 0.635938 0.164583 0.004464 0.013889
0 0.358817 0.961111 0.004241 0.015278
0 0.380246 0.954514 0.004241 0.014583
0 0.361272 0.954167 0.004241 0.015278
0 0.145089 0.349653 0.003571 0.014583
0 0.145089 0.305903 0.003571 0.014583
0 0.377232 0.960764 0.004018 0.014583
0 0.139732 0.046875 0.004911 0.014583
0 0.059933 0.988194 0.004687 0.009722
0 0.631362 0.738194 0.004687 0.009722
0 0.532031 0.078819 0.002902 0.031250
0 0.535603 0.033681 0.003348 0.010417
0 0.092969 0.981250 0.004241 0.006944
0 0.664397 0.731250 0.004241 0.006944
0 0.483036 0.055903 0.002679 0.021528
0 0.042299 0.028819 0.004241 0.010417
0 0.543080 0.068056 0.001786 0.008333
0 0.549777 0.065972 0.002679 0.011111
0 0.146987 0.046875 0.001563 0.011806
0 0.534487 0.881250 0.001563 0.009722
0 0.072991 0.990278 0.002232 0.009722
0 0.347545 0.950347 0.002232 0.010417
0 0.644420 0.740278 0.002232 0.009722
