0 0.041741 0.090972 0.010714 0.033333
0 0.025000 0.438194 0.010714 0.033333
0 0.430692 0.346528 0.018527 0.023611
0 0.446540 0.251736 0.007366 0.085417
0 0.446987 0.125694 0.010937 0.055556
0 0.006696 0.090972 0.007143 0.033333
0 0.441964 0.295486 0.006250 0.071528
0 0.024777 0.164236 0.009375 0.020139
0 0.558705 0.517361 0.007143 0.019444
0 0.008147 0.151736 0.008705 0.015972
0 0.149777 0.043056 0.007143 0.019444
0 0.536830 0.960417 0.004018 0.012500
0 0.534598 0.106250 0.004018 0.012500
0 0.558929 0.047222 0.004018 0.012500
0 0.140067 0.059028 0.005580 0.038889
0 0.149777 0.023611 0.004018 0.011111
0 0.528571 0.648958 0.004911 0.013194
0 0.157812 0.068750 0.004464 0.029167
0 0.441853 0.234722 0.004241 0.023611
0 0.452567 0.115972 0.005134 0.029167
0 0.442969 0.343056 0.003348 0.020833
0 0.408929 0.037847 0.009821 0.006250
0 0.577902 0.697917 0.005357 0.012500
0 0.628795 0.025000 0.003571 0.008333
0 0.606473 0.025000 0.003571 0.008333
0 0.447210 0.347917 0.003348 0.036111
0 0.158371 0.100347 0.005134 0.014583
0 0.444531 0.424306 0.002902 0.025000
0 0.448103 0.056597 0.003348 0.021528
0 0.532031 0.046875 0.003348 0.010417
0 0.349554 0.961806 0.004018 0.012500
0 0.315848 0.429861 0.006250 0.006944
0 0.482143 0.062500 0.004464 0.034722
0 0.358817 0.961111 0.004241 0.015278
0 0.166964 0.030556 0.007143 0.005556
0 0.380246 0.954514 0.004241 0.014583
0 0.361272 0.954167 0.004241 0.015278
0 0.145089 0.305903 0.003571 0.014583
0 0.145089 0.349653 0.003571 0.014583
0 0.377232 0.960764 0.004018 0.014583
0 0.446317 0.200347 0.002902 0.020139
0 0.059933 0.988194 0.004687 0.009722
0 0.631362 0.738194 0.004687 0.009722
0 0.532031 0.078819 0.002902 0.031250
0 0.437946 0.245139 0.002232 0.018056
0 0.148214 0.142361 0.004018 0.018056
0 0.535603 0.033681 0.003348 0.010417
0 0.092969 0.981250 0.004241 0.006944
0 0.664397 0.731250 0.004241 0.006944
0 0.042299 0.028819 0.004241 0.010417
0 0.445201 0.080208 0.002009 0.017361
0 0.446652 0.149306 0.001786 0.016667
0 0.150000 0.084722 0.002232 0.011111
0 0.148438 0.070486 0.002232 0.013194
0 0.440737 0.486111 0.001563 0.016667
0 0.441406 0.439236 0.002009 0.011806
0 0.072991 0.990278 0.002232 0.009722
0 0.347545 0.950347 0.002232 0.010417
0 0.644420 0.740278 0.002232 0.009722
