0 0.423549 0.126042 0.030580 0.117361
0 0.041741 0.090972 0.010714 0.033333
0 0.025000 0.438194 0.010714 0.033333
0 0.416406 0.145139 0.020313 0.075000
0 0.425112 0.031250 0.021652 0.026389
0 0.412054 0.075694 0.012946 0.030556
0 0.398214 0.113194 0.014286 0.048611
0 0.006696 0.090972 0.007143 0.033333
0 0.430915 0.214583 0.009152 0.037500
0 0.405915 0.034375 0.010937 0.032639
0 0.024777 0.164236 0.009375 0.020139
0 0.558705 0.517361 0.007143 0.019444
0 0.008147 0.151736 0.008705 0.015972
0 0.409040 0.182292 0.013170 0.022917
0 0.312500 0.058681 0.008929 0.015972
0 0.424330 0.244792 0.008482 0.015972
0 0.398884 0.056944 0.011161 0.009722
0 0.536830 0.960417 0.004018 0.012500
0 0.534598 0.106250 0.004018 0.012500
0 0.558929 0.047222 0.004018 0.012500
0 0.415402 0.046528 0.003125 0.027778
0 0.422768 0.272917 0.007589 0.012500
0 0.420424 0.198264 0.004241 0.024306
0 0.397433 0.093056 0.004241 0.030556
0 0.528571 0.648958 0.004911 0.013194
0 0.319420 0.496875 0.009375 0.010417
0 0.577902 0.697917 0.005357 0.012500
0 0.628795 0.025000 0.003571 0.008333
0 0.606473 0.025000 0.003571 0.008333
0 0.321540 0.061458 0.007366 0.010417
0 0.150893 0.045833 0.004911 0.009722
0 0.306920 0.493056 0.004018 0.013889
0 0.408929 0.048958 0.004018 0.010417
0 0.532031 0.046875 0.003348 0.010417
0 0.433482 0.051042 0.002232 0.022917
0 0.349554 0.961806 0.004018 0.012500
0 0.482143 0.062847 0.004464 0.035417
0 0.358817 0.961111 0.004241 0.015278
0 0.434933 0.079514 0.005580 0.009028
0 0.380246 0.954514 0.004241 0.014583
0 0.361272 0.954167 0.004241 0.015278
0 0.145089 0.305903 0.003571 0.014583
0 0.308371 0.023264 0.003795 0.010417
0 0.145089 0.349653 0.003571 0.014583
0 0.426451 0.067014 0.002009 0.021528
0 0.377232 0.960764 0.004018 0.014583
0 0.139732 0.046875 0.004911 0.014583
0 0.441629 0.163889 0.003795 0.011111
0 0.059933 0.988194 0.004687 0.009722
0 0.631362 0.738194 0.004687 0.009722
0 0.532031 0.078819 0.002902 0.031250
0 0.535603 0.033681 0.003348 0.010417
0 0.427902 0.052431 0.003571 0.017361
0 0.092969 0.981250 0.004241 0.006944
0 0.664397 0.731250 0.004241 0.006944
0 0.400446 0.157639 0.002232 0.016667
0 0.286049 0.038542 0.002009 0.009028
0 0.042299 0.028819 0.004241 0.010417
0 0.312612 0.134375 0.003348 0.007639
0 0.146987 0.046875 0.001563 0.011806
0 0.321987 0.024653 0.002455 0.007639
0 0.425112 0.293750 0.002455 0.013889
0 0.072991 0.990278 0.002232 0.009722
0 0.347545 0.950347 0.002232 0.010417
0 0.644420 0.740278 0.002232 0.009722
