0 0.417857 0.128472 0.060714 0.129167
0 0.390848 0.139931 0.015179 0.063194
0 0.041741 0.090972 0.010714 0.033333
0 0.412165 0.167014 0.024330 0.046528
0 0.173884 0.053472 0.019643 0.070833
0 0.025000 0.438194 0.010714 0.033333
0 0.366629 0.129167 0.028795 0.048611
0 0.433259 0.222917 0.017411 0.041667
0 0.389732 0.072222 0.018304 0.036111
0 0.194643 0.054861 0.018750 0.043056
0 0.398549 0.200694 0.015848 0.013889
0 0.425335 0.053472 0.008259 0.045833
0 0.006696 0.090972 0.007143 0.033333
0 0.413616 0.028472 0.013839 0.020833
0 0.381808 0.220139 0.008259 0.045833
0 0.168080 0.075347 0.010268 0.038194
0 0.376004 0.100000 0.010937 0.025000
0 0.189621 0.121181 0.012723 0.047917
0 0.417969 0.286806 0.014955 0.012500
0 0.408817 0.644444 0.016295 0.011111
0 0.024777 0.164236 0.009375 0.020139
0 0.558705 0.517361 0.007143 0.019444
0 0.436942 0.038542 0.004687 0.040972
0 0.008147 0.151736 0.008705 0.015972
0 0.418304 0.252083 0.011607 0.009722
0 0.365179 0.095139 0.008929 0.029167
0 0.402567 0.061806 0.010491 0.018056
0 0.153013 0.043056 0.009152 0.015278
0 0.173326 0.116667 0.006920 0.025000
0 0.400558 0.036458 0.006027 0.029861
0 0.438170 0.137500 0.011161 0.009722
0 0.175112 0.145833 0.008259 0.016667
0 0.412835 0.211111 0.004687 0.018056
0 0.384487 0.179167 0.004687 0.023611
0 0.422210 0.310764 0.005580 0.031250
0 0.165067 0.022917 0.009152 0.009722
0 0.372210 0.163889 0.004687 0.019444
0 0.536830 0.960417 0.004018 0.012500
0 0.534598 0.106250 0.004018 0.012500
0 0.558929 0.047222 0.004018 0.012500
0 0.450893 0.157292 0.002679 0.027083
0 0.391964 0.184722 0.004464 0.020833
0 0.363058 0.178125 0.002902 0.025694
0 0.528571 0.648958 0.004911 0.013194
0 0.426897 0.257986 0.004241 0.018750
0 0.194866 0.028125 0.005804 0.020139
0 0.199330 0.097222 0.004911 0.023611
0 0.398438 0.626042 0.003125 0.015972
0 0.415625 0.200000 0.002679 0.015278
0 0.158594 0.074306 0.010045 0.018056
0 0.374219 0.245139 0.010937 0.008333
0 0.186830 0.025694 0.005804 0.015278
0 0.184375 0.083681 0.003571 0.024306
0 0.577902 0.697917 0.005357 0.012500
0 0.628795 0.025000 0.003571 0.008333
0 0.606473 0.025000 0.003571 0.008333
0 0.439397 0.286458 0.004241 0.020139
0 0.394196 0.054514 0.004018 0.007639
0 0.532031 0.046875 0.003348 0.010417
0 0.482143 0.062847 0.004464 0.035417
0 0.349554 0.961806 0.004018 0.012500
0 0.463058 0.043750 0.004687 0.015278
0 0.454353 0.170139 0.004687 0.006944
0 0.191741 0.077778 0.003571 0.018056
0 0.358817 0.961111 0.004241 0.015278
0 0.380246 0.954514 0.004241 0.014583
0 0.156473 0.026042 0.004464 0.015972
0 0.361272 0.954167 0.004241 0.015278
0 0.145089 0.305903 0.003571 0.014583
0 0.377232 0.960764 0.004018 0.014583
0 0.145089 0.349653 0.003571 0.014583
0 0.139732 0.046875 0.004911 0.014583
0 0.059933 0.988194 0.004687 0.009722
0 0.631362 0.738194 0.004687 0.009722
0 0.376897 0.053819 0.004241 0.006250
0 0.419978 0.219792 0.004687 0.007639
0 0.377679 0.306250 0.001786 0.013889
0 0.532031 0.078819 0.002902 0.031250
0 0.535603 0.033681 0.003348 0.010417
0 0.092969 0.981250 0.004241 0.006944
0 0.664397 0.731250 0.004241 0.006944
0 0.450000 0.077083 0.003125 0.006944
0 0.379353 0.023264 0.001563 0.010417
0 0.403795 0.134028 0.002232 0.008333
0 0.430915 0.036111 0.004687 0.004167
0 0.421875 0.021875 0.002232 0.007639
0 0.042299 0.028819 0.004241 0.010417
0 0.448772 0.326042 0.001563 0.010417
0 0.449665 0.203472 0.002902 0.013889
0 0.428237 0.072569 0.003348 0.004861
0 0.371540 0.052431 0.005134 0.003472
0 0.366964 0.270833 0.004018 0.005556
0 0.146987 0.046875 0.001563 0.011806
0 0.346094 0.136458 0.001563 0.017361
0 0.180469 0.106944 0.001563 0.013889
0 0.072991 0.990278 0.002232 0.009722
0 0.347545 0.950347 0.002232 0.010417
0 0.644420 0.740278 0.002232 0.009722
