0 0.192076 0.118056 0.063170 0.130556
0 0.041741 0.090972 0.010714 0.033333
0 0.199888 0.153472 0.021205 0.045833
0 0.025000 0.438194 0.010714 0.033333
0 0.529018 0.377778 0.022321 0.025000
0 0.217076 0.058681 0.015402 0.036806
0 0.182478 0.211806 0.015402 0.038889
0 0.240179 0.060417 0.010714 0.061111
0 0.186272 0.044444 0.007812 0.044444
0 0.213951 0.174306 0.014509 0.029167
0 0.227790 0.202431 0.010045 0.050694
0 0.241071 0.109028 0.017857 0.047222
0 0.230357 0.030208 0.015179 0.024306
0 0.006696 0.090972 0.007143 0.033333
0 0.286161 0.620833 0.013393 0.015278
0 0.195424 0.023958 0.011830 0.011806
0 0.024777 0.164236 0.009375 0.020139
0 0.558705 0.517361 0.007143 0.019444
0 0.008147 0.151736 0.008705 0.015972
0 0.207366 0.031597 0.005357 0.027083
0 0.196763 0.237847 0.009598 0.010417
0 0.218304 0.029861 0.007143 0.012500
0 0.383705 0.023264 0.005804 0.010417
0 0.151451 0.041667 0.006027 0.018056
0 0.229687 0.085069 0.004911 0.021528
0 0.176116 0.038889 0.003125 0.025000
0 0.193750 0.272569 0.006250 0.013194
0 0.205134 0.053472 0.007143 0.011111
0 0.200112 0.197222 0.003795 0.018056
0 0.536830 0.960417 0.004018 0.012500
0 0.534598 0.106250 0.004018 0.012500
0 0.558929 0.047222 0.004018 0.012500
0 0.242634 0.157986 0.003571 0.027083
0 0.528571 0.648958 0.004911 0.013194
0 0.388951 0.095139 0.006473 0.015278
0 0.234040 0.144097 0.004241 0.018750
0 0.223996 0.158333 0.004241 0.016667
0 0.178237 0.275000 0.004687 0.020833
0 0.193638 0.293056 0.004241 0.025000
0 0.236161 0.260417 0.002232 0.022222
0 0.577902 0.697917 0.005357 0.012500
0 0.188616 0.244444 0.004018 0.016667
0 0.628795 0.025000 0.003571 0.008333
0 0.606473 0.025000 0.003571 0.008333
0 0.532031 0.046875 0.003348 0.010417
0 0.349554 0.961806 0.004018 0.012500
0 0.402121 0.032639 0.003348 0.018056
0 0.482143 0.062500 0.004464 0.034722
0 0.368750 0.024306 0.005804 0.008333
0 0.197656 0.186458 0.002455 0.014583
0 0.372991 0.129167 0.005357 0.016667
0 0.358817 0.961111 0.004241 0.015278
0 0.232254 0.282639 0.002009 0.015278
0 0.380246 0.954514 0.004241 0.014583
0 0.145089 0.349306 0.003571 0.015278
0 0.361272 0.954167 0.004241 0.015278
0 0.213170 0.042014 0.003571 0.007639
0 0.145089 0.305903 0.003571 0.014583
0 0.377232 0.960764 0.004018 0.014583
0 0.139732 0.046875 0.004911 0.014583
0 0.059933 0.988194 0.004687 0.009722
0 0.631362 0.738194 0.004687 0.009722
0 0.532031 0.078819 0.002902 0.031250
0 0.249442 0.169444 0.004687 0.015278
0 0.185491 0.280903 0.004464 0.007639
0 0.535603 0.033681 0.003348 0.010417
0 0.092969 0.981250 0.004241 0.006944
0 0.664397 0.731250 0.004241 0.006944
0 0.167522 0.195486 0.002902 0.014583
0 0.231696 0.074306 0.003571 0.006944
0 0.392857 0.024653 0.004464 0.007639
0 0.194643 0.206250 0.004018 0.006944
0 0.440179 0.050694 0.004018 0.006944
0 0.391183 0.077431 0.001563 0.014583
0 0.147210 0.045139 0.002009 0.015278
0 0.240402 0.246528 0.004018 0.006944
0 0.300670 0.607986 0.001786 0.014583
0 0.200670 0.304861 0.003571 0.005556
0 0.042299 0.028819 0.004241 0.010417
0 0.180915 0.028125 0.004241 0.004861
0 0.183929 0.063889 0.003125 0.005556
0 0.280134 0.603819 0.002232 0.009028
0 0.188058 0.296528 0.003795 0.005556
0 0.206473 0.120139 0.001786 0.008333
0 0.230134 0.061806 0.004911 0.005556
0 0.388728 0.060417 0.001116 0.012500
0 0.072991 0.990278 0.002232 0.009722
0 0.347545 0.950347 0.002232 0.010417
0 0.644420 0.740278 0.002232 0.009722
