0 0.041741 0.090972 0.010714 0.033333
0 0.025000 0.438194 0.010714 0.033333
0 0.460938 0.059375 0.011161 0.045139
0 0.006696 0.090972 0.007143 0.033333
0 0.169754 0.081250 0.007812 0.037500
0 0.024777 0.164236 0.009375 0.020139
0 0.558705 0.517361 0.007143 0.019444
0 0.008147 0.151736 0.008705 0.015972
0 0.451116 0.090972 0.006250 0.016667
0 0.536830 0.960417 0.004018 0.012500
0 0.534598 0.106250 0.004018 0.012500
0 0.558929 0.047222 0.004018 0.012500
0 0.180804 0.112847 0.006250 0.007639
0 0.175000 0.109028 0.007143 0.015278
0 0.528571 0.648958 0.004911 0.013194
0 0.162054 0.095139 0.006250 0.025000
0 0.166183 0.024306 0.006027 0.012500
0 0.462946 0.025347 0.006250 0.014583
0 0.471987 0.079167 0.006473 0.018056
0 0.171652 0.026042 0.004018 0.015972
0 0.577902 0.697917 0.005357 0.012500
0 0.264286 0.352083 0.007589 0.005556
0 0.628795 0.025000 0.003571 0.008333
0 0.606473 0.025000 0.003571 0.008333
0 0.150893 0.045833 0.004911 0.009722
0 0.482143 0.062847 0.004464 0.035417
0 0.532031 0.046875 0.003348 0.010417
0 0.167187 0.039236 0.004464 0.015972
0 0.349554 0.961806 0.004018 0.012500
0 0.358817 0.961111 0.004241 0.015278
0 0.458147 0.028819 0.004241 0.011806
0 0.380246 0.954514 0.004241 0.014583
0 0.361272 0.954167 0.004241 0.015278
0 0.473438 0.027431 0.004018 0.009028
0 0.456920 0.095486 0.004464 0.006250
0 0.145089 0.349653 0.003571 0.014583
0 0.145089 0.305903 0.003571 0.014583
0 0.377232 0.960764 0.004018 0.014583
0 0.139732 0.046875 0.004911 0.014583
0 0.059933 0.988194 0.004687 0.009722
0 0.631362 0.738194 0.004687 0.009722
0 0.166183 0.060417 0.002902 0.013889
0 0.532031 0.078819 0.002902 0.031250
0 0.170759 0.044444 0.003125 0.012500
0 0.535603 0.033681 0.003348 0.010417
0 0.560156 0.362153 0.003348 0.010417
0 0.557924 0.288194 0.002455 0.020833
0 0.092969 0.981250 0.004241 0.006944
0 0.664397 0.731250 0.004241 0.006944
0 0.556362 0.389236 0.003348 0.009028
0 0.042299 0.028819 0.004241 0.010417
0 0.172991 0.085417 0.002679 0.012500
0 0.175446 0.054861 0.002679 0.009722
0 0.560491 0.215278 0.002679 0.013889
0 0.464509 0.125694 0.002679 0.016667
0 0.543080 0.102083 0.002232 0.012500
0 0.146987 0.046875 0.001563 0.011806
0 0.452121 0.038194 0.002902 0.006944
0 0.072991 0.990278 0.002232 0.009722
0 0.347545 0.950347 0.002232 0.010417
0 0.644420 0.740278 0.002232 0.009722
