0 0.041741 0.090972 0.010714 0.033333
0 0.025000 0.438194 0.010714 0.033333
0 0.181027 0.364583 0.019196 0.020833
0 0.557031 0.177778 0.013170 0.065278
0 0.559598 0.239583 0.008036 0.043056
0 0.006696 0.090972 0.007143 0.033333
0 0.559152 0.132986 0.008929 0.047917
0 0.441741 0.039931 0.015179 0.031250
0 0.024777 0.164236 0.009375 0.020139
0 0.558705 0.517361 0.007143 0.019444
0 0.185603 0.098264 0.011384 0.011806
0 0.008147 0.151736 0.008705 0.015972
0 0.167076 0.335069 0.003348 0.043750
0 0.165848 0.214583 0.003125 0.048611
0 0.536830 0.960417 0.004018 0.012500
0 0.534598 0.106250 0.004018 0.012500
0 0.558929 0.047222 0.004018 0.012500
0 0.432478 0.064583 0.009152 0.008333
0 0.442076 0.076042 0.003795 0.022917
0 0.528571 0.648958 0.004911 0.013194
0 0.158929 0.153125 0.002232 0.028472
0 0.577902 0.697917 0.005357 0.012500
0 0.628795 0.025000 0.003571 0.008333
0 0.606473 0.025000 0.003571 0.008333
0 0.150893 0.045833 0.004911 0.009722
0 0.532031 0.046875 0.003348 0.010417
0 0.349554 0.961806 0.004018 0.012500
0 0.428683 0.026042 0.003795 0.010417
0 0.482143 0.062500 0.004464 0.034722
0 0.554241 0.304514 0.003571 0.021528
0 0.358817 0.961111 0.004241 0.015278
0 0.380246 0.954514 0.004241 0.014583
0 0.145089 0.349653 0.003571 0.014583
0 0.361272 0.954167 0.004241 0.015278
0 0.145089 0.305903 0.003571 0.014583
0 0.377232 0.960764 0.004018 0.014583
0 0.162612 0.216319 0.001563 0.022917
0 0.166406 0.248611 0.002902 0.015278
0 0.139732 0.046875 0.004911 0.014583
0 0.059933 0.988194 0.004687 0.009722
0 0.631362 0.738194 0.004687 0.009722
0 0.165737 0.289931 0.002009 0.017361
0 0.532031 0.078819 0.002902 0.031250
0 0.535603 0.033681 0.003348 0.010417
0 0.092969 0.981250 0.004241 0.006944
0 0.664397 0.731250 0.004241 0.006944
0 0.558594 0.323611 0.003348 0.006944
0 0.042299 0.028819 0.004241 0.010417
0 0.146987 0.046875 0.001563 0.011806
0 0.561942 0.085417 0.003348 0.006944
0 0.164844 0.222569 0.001116 0.011806
0 0.072991 0.990278 0.002232 0.009722
0 0.347545 0.950347 0.002232 0.010417
0 0.644420 0.740278 0.002232 0.009722
