0 0.506585 0.128472 0.056027 0.133333
0 0.480469 0.134375 0.011830 0.064583
0 0.041741 0.090972 0.010714 0.033333
0 0.500223 0.164236 0.024107 0.046528
0 0.025000 0.438194 0.010714 0.033333
0 0.171205 0.430208 0.021875 0.028472
0 0.519420 0.223611 0.016964 0.040278
0 0.458929 0.119444 0.025893 0.048611
0 0.480246 0.062847 0.014063 0.035417
0 0.467076 0.032639 0.016295 0.029167
0 0.485603 0.195486 0.014955 0.013194
0 0.457366 0.079861 0.010268 0.043056
0 0.006696 0.090972 0.007143 0.033333
0 0.506920 0.255208 0.015625 0.018750
0 0.296987 0.034722 0.011384 0.033333
0 0.470982 0.212500 0.006696 0.045833
0 0.503460 0.285069 0.014063 0.014583
0 0.468527 0.093056 0.009375 0.025000
0 0.024777 0.164236 0.009375 0.020139
0 0.558705 0.517361 0.007143 0.019444
0 0.008147 0.151736 0.008705 0.015972
0 0.290067 0.046181 0.007812 0.035417
0 0.454464 0.609375 0.008929 0.021528
0 0.306585 0.091319 0.009152 0.045139
0 0.525781 0.138889 0.010491 0.011111
0 0.500112 0.208333 0.004241 0.018056
0 0.474442 0.172917 0.004687 0.023611
0 0.506920 0.309722 0.005804 0.030556
0 0.293527 0.084375 0.005357 0.022917
0 0.536830 0.960417 0.004018 0.012500
0 0.534598 0.106250 0.004018 0.012500
0 0.558929 0.047222 0.004018 0.012500
0 0.463504 0.155556 0.004687 0.019444
0 0.512946 0.067014 0.004018 0.017361
0 0.294308 0.111806 0.006920 0.016667
0 0.528571 0.648958 0.004911 0.013194
0 0.470201 0.610417 0.006027 0.016667
0 0.454799 0.168056 0.002902 0.025000
0 0.484487 0.081250 0.006473 0.009722
0 0.523549 0.289236 0.004687 0.021528
0 0.577902 0.697917 0.005357 0.012500
0 0.503125 0.197917 0.002679 0.015278
0 0.628795 0.025000 0.003571 0.008333
0 0.606473 0.025000 0.003571 0.008333
0 0.481250 0.177778 0.004018 0.019444
0 0.150893 0.045833 0.004911 0.009722
0 0.307366 0.023264 0.005804 0.010417
0 0.463504 0.235764 0.010045 0.010417
0 0.532031 0.046875 0.003348 0.010417
0 0.349554 0.961806 0.004018 0.012500
0 0.540848 0.174306 0.004464 0.008333
0 0.358817 0.961111 0.004241 0.015278
0 0.282143 0.044097 0.007143 0.017361
0 0.380246 0.954514 0.004241 0.014583
0 0.361272 0.954167 0.004241 0.015278
0 0.145089 0.305903 0.003571 0.014583
0 0.145089 0.349653 0.003571 0.014583
0 0.377232 0.960764 0.004018 0.014583
0 0.139732 0.046875 0.004911 0.014583
0 0.059933 0.988194 0.004687 0.009722
0 0.631362 0.738194 0.004687 0.009722
0 0.304241 0.059028 0.003571 0.016667
0 0.532031 0.078819 0.002902 0.031250
0 0.506808 0.218750 0.004241 0.008333
0 0.535603 0.033681 0.003348 0.010417
0 0.465625 0.296528 0.001786 0.013889
0 0.537277 0.166667 0.002232 0.015278
0 0.092969 0.981250 0.004241 0.006944
0 0.664397 0.731250 0.004241 0.006944
0 0.469978 0.047917 0.003795 0.005556
0 0.535491 0.206597 0.003125 0.014583
0 0.236384 0.040278 0.003125 0.018056
0 0.451897 0.044792 0.002009 0.011806
0 0.042299 0.028819 0.004241 0.010417
0 0.493304 0.130556 0.001786 0.008333
0 0.517634 0.072222 0.003125 0.005556
0 0.298661 0.056944 0.002232 0.006944
0 0.237500 0.061458 0.004464 0.007639
0 0.146987 0.046875 0.001563 0.011806
0 0.532254 0.330556 0.001563 0.009722
0 0.538281 0.152431 0.002009 0.010417
0 0.455692 0.040625 0.004687 0.004861
0 0.072991 0.990278 0.002232 0.009722
0 0.347545 0.950347 0.002232 0.010417
0 0.644420 0.740278 0.002232 0.009722
0 0.456473 0.260417 0.003571 0.005556
