0 0.490067 0.803125 0.057366 0.142361
0 0.266071 0.702083 0.062500 0.112500
0 0.455692 0.153819 0.024330 0.127083
0 0.409263 0.349306 0.033259 0.094444
0 0.500223 0.905903 0.052679 0.132639
0 0.242299 0.886806 0.036384 0.068056
0 0.506362 0.632639 0.027902 0.145833
0 0.160714 0.485764 0.035268 0.053472
0 0.240737 0.956944 0.044420 0.030556
0 0.453683 0.921875 0.009152 0.100694
0 0.041741 0.090972 0.010714 0.033333
0 0.176674 0.221528 0.024777 0.040278
0 0.025000 0.438194 0.010714 0.033333
0 0.486496 0.208333 0.027455 0.068056
0 0.006696 0.090972 0.007143 0.033333
0 0.469754 0.773611 0.010937 0.043056
0 0.192522 0.211806 0.014063 0.036111
0 0.024777 0.164236 0.009375 0.020139
0 0.558705 0.517361 0.007143 0.019444
0 0.307143 0.370486 0.015625 0.052083
0 0.008147 0.151736 0.008705 0.015972
0 0.315402 0.306944 0.012054 0.048611
0 0.190290 0.871875 0.010491 0.024306
0 0.190737 0.861806 0.009598 0.026389
0 0.271205 0.104167 0.007589 0.045833
0 0.536830 0.960417 0.004018 0.012500
0 0.534598 0.106250 0.004018 0.012500
0 0.558929 0.047222 0.004018 0.012500
0 0.528571 0.648958 0.004911 0.013194
0 0.322098 0.790278 0.008036 0.045833
0 0.298661 0.029514 0.005357 0.015972
0 0.475446 0.227083 0.009821 0.029167
0 0.577902 0.697917 0.005357 0.012500
0 0.298884 0.049306 0.005357 0.016667
0 0.628795 0.025000 0.003571 0.008333
0 0.606473 0.025000 0.003571 0.008333
0 0.150893 0.045833 0.004911 0.009722
0 0.532031 0.046875 0.003348 0.010417
0 0.349554 0.961806 0.004018 0.012500
0 0.145201 0.349306 0.003795 0.015278
0 0.145201 0.305556 0.003795 0.015278
0 0.482143 0.062153 0.004464 0.034028
0 0.358817 0.961111 0.004241 0.015278
0 0.380246 0.954514 0.004241 0.014583
0 0.361272 0.954167 0.004241 0.015278
0 0.478571 0.215972 0.007589 0.023611
0 0.377232 0.960764 0.004018 0.014583
0 0.139732 0.046875 0.004911 0.014583
0 0.280134 0.099653 0.004018 0.025694
0 0.059933 0.988194 0.004687 0.009722
0 0.631362 0.738194 0.004687 0.009722
0 0.532031 0.078819 0.002902 0.031250
0 0.535603 0.033681 0.003348 0.010417
0 0.092969 0.981250 0.004241 0.006944
0 0.664397 0.731250 0.004241 0.006944
0 0.310714 0.810069 0.002679 0.028472
0 0.436272 0.913542 0.002009 0.010417
0 0.042299 0.028819 0.004241 0.010417
0 0.294866 0.558333 0.002232 0.012500
0 0.316964 0.810417 0.003125 0.018056
0 0.146987 0.046875 0.001563 0.011806
0 0.192522 0.218056 0.003348 0.009722
0 0.072991 0.990278 0.002232 0.009722
0 0.347545 0.950347 0.002232 0.010417
0 0.644420 0.740278 0.002232 0.009722
