0 0.442857 0.075000 0.046429 0.113889
0 0.041741 0.090972 0.010714 0.033333
0 0.025000 0.438194 0.010714 0.033333
0 0.420871 0.083681 0.010045 0.056250
0 0.437723 0.108333 0.020089 0.040278
0 0.403348 0.073264 0.021875 0.042361
0 0.454353 0.157639 0.013616 0.036111
0 0.421540 0.029167 0.010937 0.022222
0 0.401339 0.037153 0.009375 0.038194
0 0.006696 0.090972 0.007143 0.033333
0 0.426004 0.127431 0.012277 0.027083
0 0.157143 0.318750 0.011161 0.016667
0 0.024777 0.164236 0.009375 0.020139
0 0.558705 0.517361 0.007143 0.019444
0 0.008147 0.151736 0.008705 0.015972
0 0.414174 0.153472 0.005580 0.040278
0 0.411384 0.048611 0.007589 0.022222
0 0.442076 0.213889 0.011384 0.011111
0 0.397879 0.475000 0.010491 0.013889
0 0.269308 0.061458 0.008705 0.040972
0 0.148438 0.323611 0.008482 0.013889
0 0.442522 0.183333 0.008705 0.008333
0 0.536830 0.960417 0.004018 0.012500
0 0.534598 0.106250 0.004018 0.012500
0 0.558929 0.047222 0.004018 0.012500
0 0.528571 0.648958 0.004911 0.013194
0 0.437835 0.146181 0.004687 0.017361
0 0.458705 0.082986 0.008482 0.009028
0 0.257366 0.056597 0.004911 0.020139
0 0.255692 0.027778 0.003795 0.019444
0 0.258259 0.082292 0.006250 0.013194
0 0.416853 0.118056 0.003795 0.020833
0 0.577902 0.697917 0.005357 0.012500
0 0.628795 0.025000 0.003571 0.008333
0 0.606473 0.025000 0.003571 0.008333
0 0.150893 0.045833 0.004911 0.009722
0 0.445201 0.235069 0.004241 0.027083
0 0.407366 0.104167 0.003571 0.016667
0 0.532031 0.046875 0.003348 0.010417
0 0.349554 0.961806 0.004018 0.012500
0 0.482143 0.062847 0.004464 0.035417
0 0.358817 0.961111 0.004241 0.015278
0 0.449330 0.188194 0.003125 0.015278
0 0.380246 0.954514 0.004241 0.014583
0 0.432478 0.020833 0.006027 0.005556
0 0.400223 0.115972 0.002232 0.022222
0 0.361272 0.954167 0.004241 0.015278
0 0.145089 0.349653 0.003571 0.014583
0 0.440848 0.137153 0.002232 0.013194
0 0.447545 0.023264 0.003571 0.010417
0 0.377232 0.960764 0.004018 0.014583
0 0.145089 0.305903 0.003571 0.014583
0 0.139732 0.046875 0.004911 0.014583
0 0.059933 0.988194 0.004687 0.009722
0 0.631362 0.738194 0.004687 0.009722
0 0.532031 0.078819 0.002902 0.031250
0 0.458482 0.214236 0.002679 0.018750
0 0.265960 0.029514 0.002455 0.018750
0 0.535603 0.033681 0.003348 0.010417
0 0.092969 0.981250 0.004241 0.006944
0 0.664397 0.731250 0.004241 0.006944
0 0.276339 0.040625 0.002232 0.020139
0 0.262500 0.025347 0.002679 0.013194
0 0.470982 0.112153 0.003125 0.006250
0 0.042299 0.028819 0.004241 0.010417
0 0.444085 0.154861 0.003795 0.006944
0 0.245201 0.022569 0.003795 0.009028
0 0.410714 0.229167 0.001339 0.012500
0 0.146987 0.046875 0.001563 0.011806
0 0.467969 0.030208 0.003348 0.006250
0 0.271875 0.024653 0.001786 0.013194
0 0.492076 0.060417 0.002009 0.012500
0 0.072991 0.990278 0.002232 0.009722
0 0.347545 0.950347 0.002232 0.010417
0 0.644420 0.740278 0.002232 0.009722
