0 0.298772 0.088542 0.063616 0.107639
0 0.338170 0.588889 0.023661 0.038889
0 0.274219 0.127778 0.023438 0.076389
0 0.041741 0.090972 0.010714 0.033333
0 0.025000 0.438194 0.010714 0.033333
0 0.268304 0.053819 0.020536 0.031250
0 0.297991 0.132986 0.019643 0.042361
0 0.243750 0.122569 0.033929 0.049306
0 0.317969 0.169097 0.017188 0.042361
0 0.238616 0.081944 0.015179 0.040278
0 0.249665 0.031597 0.020313 0.027083
0 0.263616 0.200694 0.010268 0.043056
0 0.006696 0.090972 0.007143 0.033333
0 0.286161 0.168056 0.012054 0.009722
0 0.306027 0.204514 0.016518 0.017361
0 0.558594 0.131250 0.010045 0.026389
0 0.255580 0.087847 0.009375 0.021528
0 0.024777 0.164236 0.009375 0.020139
0 0.304241 0.234028 0.014732 0.009722
0 0.558705 0.517361 0.007143 0.019444
0 0.560045 0.096875 0.007143 0.025694
0 0.008147 0.151736 0.008705 0.015972
0 0.265960 0.027431 0.009598 0.011806
0 0.251451 0.151042 0.005134 0.020139
0 0.265625 0.157639 0.005357 0.023611
0 0.283594 0.041667 0.009152 0.008333
0 0.297210 0.169792 0.004687 0.015972
0 0.240625 0.170833 0.003571 0.025000
0 0.536830 0.960417 0.004018 0.012500
0 0.534598 0.106250 0.004018 0.012500
0 0.558929 0.047222 0.004018 0.012500
0 0.279018 0.027083 0.003125 0.018056
0 0.309152 0.255556 0.004911 0.029167
0 0.273214 0.030208 0.004464 0.017361
0 0.528571 0.648958 0.004911 0.013194
0 0.577902 0.697917 0.005357 0.012500
0 0.299777 0.159028 0.002679 0.013889
0 0.333036 0.101736 0.001786 0.024306
0 0.628795 0.025000 0.003571 0.008333
0 0.606473 0.025000 0.003571 0.008333
0 0.150893 0.045833 0.004911 0.009722
0 0.532031 0.046875 0.003348 0.010417
0 0.349554 0.961806 0.004018 0.012500
0 0.482143 0.062847 0.004464 0.035417
0 0.553237 0.189583 0.003795 0.019444
0 0.324888 0.222569 0.003795 0.018750
0 0.358817 0.961111 0.004241 0.015278
0 0.274777 0.190972 0.002232 0.016667
0 0.261272 0.284375 0.002009 0.013194
0 0.380246 0.954514 0.004241 0.014583
0 0.361272 0.954167 0.004241 0.015278
0 0.145089 0.349653 0.003571 0.014583
0 0.145089 0.305903 0.003571 0.014583
0 0.253795 0.042361 0.004911 0.005556
0 0.322991 0.090278 0.005357 0.005556
0 0.377232 0.960764 0.004018 0.014583
0 0.336607 0.111458 0.004464 0.006250
0 0.230134 0.049653 0.002679 0.011806
0 0.139732 0.046875 0.004911 0.014583
0 0.059933 0.988194 0.004687 0.009722
0 0.631362 0.738194 0.004687 0.009722
0 0.252567 0.227778 0.006473 0.005556
0 0.317188 0.090625 0.004464 0.006250
0 0.532031 0.078819 0.002902 0.031250
0 0.304464 0.174653 0.004911 0.006250
0 0.535603 0.033681 0.003348 0.010417
0 0.250223 0.079514 0.004018 0.006250
0 0.092969 0.981250 0.004241 0.006944
0 0.664397 0.731250 0.004241 0.006944
0 0.248326 0.257986 0.005134 0.006250
0 0.307701 0.020833 0.003795 0.005556
0 0.219308 0.139583 0.002009 0.018056
0 0.259710 0.226736 0.005134 0.004861
0 0.285603 0.104861 0.002009 0.008333
0 0.042299 0.028819 0.004241 0.010417
0 0.302902 0.023264 0.002232 0.010417
0 0.333147 0.142708 0.002455 0.013194
0 0.258594 0.169792 0.001563 0.010417
0 0.146987 0.046875 0.001563 0.011806
0 0.072991 0.990278 0.002232 0.009722
0 0.347545 0.950347 0.002232 0.010417
0 0.644420 0.740278 0.002232 0.009722
