0 0.474330 0.144792 0.049107 0.140972
0 0.041741 0.090972 0.010714 0.033333
0 0.467746 0.180208 0.022991 0.049306
0 0.025000 0.438194 0.010714 0.033333
0 0.451004 0.144444 0.010491 0.059722
0 0.452344 0.079167 0.014509 0.038889
0 0.470759 0.033333 0.015179 0.030556
0 0.443973 0.039583 0.022768 0.043056
0 0.485491 0.244444 0.014732 0.040278
0 0.432812 0.125347 0.022768 0.040972
0 0.454688 0.211806 0.017411 0.013889
0 0.006696 0.090972 0.007143 0.033333
0 0.431250 0.089583 0.008929 0.044444
0 0.389621 0.643403 0.015848 0.010417
0 0.481138 0.067361 0.006473 0.044444
0 0.461719 0.048264 0.005580 0.034028
0 0.024777 0.164236 0.009375 0.020139
0 0.443080 0.227431 0.005357 0.047917
0 0.558705 0.517361 0.007143 0.019444
0 0.471763 0.306250 0.012277 0.016667
0 0.008147 0.151736 0.008705 0.015972
0 0.441071 0.104167 0.008036 0.026389
0 0.468862 0.222222 0.006920 0.027778
0 0.472656 0.271181 0.009598 0.011806
0 0.298996 0.023611 0.007812 0.011111
0 0.451116 0.048958 0.006696 0.013194
0 0.306250 0.090278 0.007589 0.045833
0 0.490960 0.156597 0.009152 0.011806
0 0.536830 0.960417 0.004018 0.012500
0 0.534598 0.106250 0.004018 0.012500
0 0.558929 0.047222 0.004018 0.012500
0 0.463728 0.075000 0.006920 0.012500
0 0.503237 0.188542 0.006027 0.021528
0 0.474777 0.332639 0.004911 0.031944
0 0.528571 0.648958 0.004911 0.013194
0 0.446317 0.188542 0.003795 0.021528
0 0.436719 0.168056 0.003795 0.019444
0 0.379241 0.623958 0.003125 0.015972
0 0.295759 0.082986 0.004464 0.022917
0 0.577902 0.697917 0.005357 0.012500
0 0.628795 0.025000 0.003571 0.008333
0 0.606473 0.025000 0.003571 0.008333
0 0.150893 0.045833 0.004911 0.009722
0 0.429241 0.180556 0.002679 0.026389
0 0.532031 0.046875 0.003348 0.010417
0 0.489509 0.312500 0.004018 0.022222
0 0.479687 0.278472 0.003571 0.016667
0 0.349554 0.961806 0.004018 0.012500
0 0.296317 0.107986 0.005580 0.010417
0 0.358817 0.961111 0.004241 0.015278
0 0.291853 0.031250 0.005134 0.009722
0 0.437612 0.251736 0.007366 0.009028
0 0.428906 0.052778 0.006027 0.012500
0 0.306808 0.025000 0.004687 0.006944
0 0.380246 0.954514 0.004241 0.014583
0 0.361272 0.954167 0.004241 0.015278
0 0.145089 0.305903 0.003571 0.014583
0 0.455915 0.062153 0.003348 0.007639
0 0.377232 0.960764 0.004018 0.014583
0 0.145089 0.349653 0.003571 0.014583
0 0.139732 0.046875 0.004911 0.014583
0 0.294866 0.055208 0.004018 0.010417
0 0.059933 0.988194 0.004687 0.009722
0 0.631362 0.738194 0.004687 0.009722
0 0.532031 0.078819 0.002902 0.031250
0 0.535603 0.033681 0.003348 0.010417
0 0.474442 0.238194 0.003795 0.008333
0 0.092969 0.981250 0.004241 0.006944
0 0.664397 0.731250 0.004241 0.006944
0 0.438728 0.313889 0.001563 0.013889
0 0.513951 0.064931 0.003795 0.013194
0 0.042299 0.028819 0.004241 0.010417
0 0.499777 0.229167 0.002679 0.013889
0 0.146987 0.046875 0.001563 0.011806
0 0.462500 0.145139 0.001786 0.008333
0 0.304353 0.057292 0.002455 0.013194
0 0.483705 0.086806 0.002679 0.005556
0 0.298996 0.055903 0.002902 0.006250
0 0.072991 0.990278 0.002232 0.009722
0 0.347545 0.950347 0.002232 0.010417
0 0.644420 0.740278 0.002232 0.009722
