0 0.212723 0.122222 0.027232 0.208333
0 0.041741 0.090972 0.010714 0.033333
0 0.025000 0.438194 0.010714 0.033333
0 0.006696 0.090972 0.007143 0.033333
0 0.209375 0.256250 0.007143 0.037500
0 0.024777 0.164236 0.009375 0.020139
0 0.224330 0.034375 0.006696 0.032639
0 0.558705 0.517361 0.007143 0.019444
0 0.008147 0.151736 0.008705 0.015972
0 0.293638 0.039931 0.008259 0.032639
0 0.406808 0.537847 0.009598 0.015972
0 0.519308 0.086806 0.008259 0.022222
0 0.226451 0.065278 0.009598 0.023611
0 0.289062 0.079514 0.005804 0.020139
0 0.536830 0.960417 0.004018 0.012500
0 0.534598 0.106250 0.004018 0.012500
0 0.558929 0.047222 0.004018 0.012500
0 0.230804 0.226389 0.008036 0.006944
0 0.233594 0.157986 0.007366 0.014583
0 0.201786 0.021875 0.008036 0.007639
0 0.285826 0.028819 0.006473 0.017361
0 0.528571 0.648958 0.004911 0.013194
0 0.223996 0.225694 0.007366 0.006944
0 0.202790 0.106597 0.006920 0.009028
0 0.577902 0.697917 0.005357 0.012500
0 0.628795 0.025000 0.003571 0.008333
0 0.606473 0.025000 0.003571 0.008333
0 0.150893 0.045833 0.004911 0.009722
0 0.532031 0.046875 0.003348 0.010417
0 0.218304 0.069792 0.002679 0.029861
0 0.349554 0.961806 0.004018 0.012500
0 0.216741 0.239583 0.002679 0.025000
0 0.215960 0.284375 0.004241 0.007639
0 0.232589 0.102083 0.004018 0.016667
0 0.482143 0.062500 0.004464 0.034722
0 0.358817 0.961111 0.004241 0.015278
0 0.380246 0.954514 0.004241 0.014583
0 0.145089 0.349653 0.003571 0.014583
0 0.361272 0.954167 0.004241 0.015278
0 0.145089 0.305903 0.003571 0.014583
0 0.231808 0.077778 0.005580 0.008333
0 0.377232 0.960764 0.004018 0.014583
0 0.139732 0.046875 0.004911 0.014583
0 0.420982 0.534722 0.003571 0.012500
0 0.059933 0.988194 0.004687 0.009722
0 0.631362 0.738194 0.004687 0.009722
0 0.218973 0.025000 0.003571 0.013889
0 0.532031 0.078819 0.002902 0.031250
0 0.215179 0.321875 0.002679 0.013194
0 0.535603 0.033681 0.003348 0.010417
0 0.200893 0.155556 0.003571 0.012500
0 0.092969 0.981250 0.004241 0.006944
0 0.664397 0.731250 0.004241 0.006944
0 0.232589 0.129514 0.003125 0.013194
0 0.228348 0.121528 0.003571 0.012500
0 0.042299 0.028819 0.004241 0.010417
0 0.229129 0.135417 0.002902 0.009722
0 0.146987 0.046875 0.001563 0.011806
0 0.288170 0.059722 0.002232 0.009722
0 0.289397 0.047569 0.003348 0.007639
0 0.072991 0.990278 0.002232 0.009722
0 0.347545 0.950347 0.002232 0.010417
0 0.644420 0.740278 0.002232 0.009722
