0 0.483705 0.098611 0.046875 0.108333
0 0.041741 0.090972 0.010714 0.033333
0 0.025000 0.438194 0.010714 0.033333
0 0.461607 0.098958 0.009821 0.059028
0 0.478125 0.125347 0.020982 0.042361
0 0.462723 0.037500 0.013839 0.033333
0 0.494643 0.178819 0.014286 0.036806
0 0.443527 0.081944 0.021875 0.036111
0 0.177344 0.322222 0.011384 0.016667
0 0.006696 0.090972 0.007143 0.033333
0 0.466071 0.154167 0.014286 0.011111
0 0.442188 0.049306 0.008482 0.038889
0 0.500335 0.069444 0.010491 0.018056
0 0.024777 0.164236 0.009375 0.020139
0 0.168192 0.326389 0.009152 0.015278
0 0.558705 0.517361 0.007143 0.019444
0 0.008147 0.151736 0.008705 0.015972
0 0.454129 0.171181 0.006473 0.042361
0 0.451562 0.061458 0.008036 0.022917
0 0.481585 0.236111 0.011830 0.012500
0 0.479353 0.161806 0.005134 0.025000
0 0.482366 0.204861 0.009375 0.009722
0 0.422210 0.505556 0.007366 0.018056
0 0.536830 0.960417 0.004018 0.012500
0 0.534598 0.106250 0.004018 0.012500
0 0.558929 0.047222 0.004018 0.012500
0 0.434710 0.507639 0.008705 0.013889
0 0.300893 0.060069 0.004911 0.017361
0 0.528571 0.648958 0.004911 0.013194
0 0.456696 0.134028 0.004018 0.020833
0 0.577902 0.697917 0.005357 0.012500
0 0.484487 0.259028 0.004687 0.027778
0 0.447210 0.118750 0.003795 0.018056
0 0.301674 0.084375 0.006027 0.014583
0 0.628795 0.025000 0.003571 0.008333
0 0.606473 0.025000 0.003571 0.008333
0 0.472991 0.031944 0.005357 0.009722
0 0.150893 0.045833 0.004911 0.009722
0 0.492969 0.065625 0.003795 0.022917
0 0.482143 0.062847 0.004464 0.035417
0 0.532031 0.046875 0.003348 0.010417
0 0.349554 0.961806 0.004018 0.012500
0 0.489174 0.210069 0.003348 0.014583
0 0.439955 0.130556 0.002232 0.023611
0 0.358817 0.961111 0.004241 0.015278
0 0.380246 0.954514 0.004241 0.014583
0 0.361272 0.954167 0.004241 0.015278
0 0.145089 0.349653 0.003571 0.014583
0 0.145089 0.305903 0.003571 0.014583
0 0.377232 0.960764 0.004018 0.014583
0 0.498549 0.238889 0.003348 0.019444
0 0.139732 0.046875 0.004911 0.014583
0 0.059933 0.988194 0.004687 0.009722
0 0.631362 0.738194 0.004687 0.009722
0 0.466183 0.021528 0.003348 0.006944
0 0.532031 0.078819 0.002902 0.031250
0 0.512612 0.133333 0.003795 0.006944
0 0.299888 0.022222 0.002902 0.008333
0 0.461830 0.139236 0.004464 0.015972
0 0.535603 0.033681 0.003348 0.010417
0 0.502009 0.103472 0.004464 0.005556
0 0.092969 0.981250 0.004241 0.006944
0 0.664397 0.731250 0.004241 0.006944
0 0.497210 0.099306 0.003348 0.006944
0 0.310491 0.058681 0.002232 0.015972
0 0.307254 0.024653 0.004241 0.007639
0 0.484040 0.175000 0.003795 0.006944
0 0.042299 0.028819 0.004241 0.010417
0 0.449442 0.248958 0.001563 0.013194
0 0.479687 0.060417 0.003571 0.012500
0 0.289397 0.023264 0.004241 0.010417
0 0.446094 0.191667 0.005134 0.006944
0 0.146987 0.046875 0.001563 0.011806
0 0.509487 0.126389 0.001563 0.013889
0 0.452567 0.020139 0.003348 0.004167
0 0.072991 0.990278 0.002232 0.009722
0 0.347545 0.950347 0.002232 0.010417
0 0.644420 0.740278 0.002232 0.009722
