0 0.535491 0.139236 0.056250 0.106250
0 0.190960 0.439236 0.024330 0.028472
0 0.041741 0.090972 0.010714 0.033333
0 0.555022 0.204861 0.017188 0.070833
0 0.025000 0.438194 0.010714 0.033333
0 0.522098 0.216667 0.014286 0.054167
0 0.538281 0.183333 0.012723 0.037500
0 0.006696 0.090972 0.007143 0.033333
0 0.542969 0.231597 0.011830 0.018750
0 0.024777 0.164236 0.009375 0.020139
0 0.558705 0.517361 0.007143 0.019444
0 0.008147 0.151736 0.008705 0.015972
0 0.562165 0.071181 0.002902 0.034028
0 0.528237 0.294444 0.006473 0.009722
0 0.521429 0.064931 0.011161 0.013194
0 0.548661 0.232986 0.010268 0.010417
0 0.531696 0.262500 0.006250 0.013889
0 0.536830 0.960417 0.004018 0.012500
0 0.534598 0.106250 0.004018 0.012500
0 0.558929 0.047222 0.004018 0.012500
0 0.528571 0.648958 0.004911 0.013194
0 0.356920 0.063542 0.008929 0.006250
0 0.312835 0.444097 0.005580 0.014583
0 0.526339 0.314931 0.003571 0.025694
0 0.514397 0.272222 0.004241 0.020833
0 0.577902 0.697917 0.005357 0.012500
0 0.628795 0.025000 0.003571 0.008333
0 0.606473 0.025000 0.003571 0.008333
0 0.525558 0.258333 0.003348 0.019444
0 0.150893 0.045833 0.004911 0.009722
0 0.482143 0.062847 0.004464 0.035417
0 0.538281 0.217361 0.002455 0.015278
0 0.532031 0.046875 0.003348 0.010417
0 0.349554 0.961806 0.004018 0.012500
0 0.546875 0.214931 0.004018 0.010417
0 0.348884 0.024306 0.004464 0.008333
0 0.325893 0.444097 0.006250 0.011806
0 0.559598 0.269444 0.002232 0.018056
0 0.358817 0.961111 0.004241 0.015278
0 0.380246 0.954514 0.004241 0.014583
0 0.361272 0.954167 0.004241 0.015278
0 0.145089 0.305903 0.003571 0.014583
0 0.145089 0.349653 0.003571 0.014583
0 0.377232 0.960764 0.004018 0.014583
0 0.139732 0.046875 0.004911 0.014583
0 0.059933 0.988194 0.004687 0.009722
0 0.631362 0.738194 0.004687 0.009722
0 0.532031 0.078819 0.002902 0.031250
0 0.562388 0.164931 0.002455 0.010417
0 0.535603 0.033681 0.003348 0.010417
0 0.354353 0.023958 0.004687 0.006250
0 0.520201 0.288542 0.004241 0.006250
0 0.092969 0.981250 0.004241 0.006944
0 0.664397 0.731250 0.004241 0.006944
0 0.532254 0.340278 0.003795 0.006944
0 0.560826 0.287500 0.002902 0.008333
0 0.553013 0.163194 0.002009 0.009722
0 0.042299 0.028819 0.004241 0.010417
0 0.551228 0.122222 0.002455 0.008333
0 0.369531 0.123611 0.002009 0.016667
0 0.146987 0.046875 0.001563 0.011806
0 0.533482 0.231944 0.003571 0.006944
0 0.521094 0.306597 0.003795 0.006250
0 0.072991 0.990278 0.002232 0.009722
0 0.347545 0.950347 0.002232 0.010417
0 0.644420 0.740278 0.002232 0.009722
