0 0.201116 0.119444 0.046875 0.123611
0 0.182031 0.189931 0.014955 0.081250
0 0.165960 0.065972 0.023884 0.088889
0 0.041741 0.090972 0.010714 0.033333
0 0.025000 0.438194 0.010714 0.033333
0 0.191071 0.034028 0.022768 0.031944
0 0.159598 0.202083 0.028571 0.066667
0 0.177455 0.105903 0.016071 0.035417
0 0.200558 0.216667 0.017634 0.029167
0 0.154241 0.157292 0.013393 0.049306
0 0.217857 0.207292 0.011607 0.053472
0 0.205915 0.174306 0.007812 0.036111
0 0.006696 0.090972 0.007143 0.033333
0 0.178237 0.280903 0.008705 0.049306
0 0.185603 0.060417 0.004241 0.041667
0 0.024777 0.164236 0.009375 0.020139
0 0.194531 0.171875 0.012277 0.017361
0 0.168750 0.154514 0.007143 0.025694
0 0.558705 0.517361 0.007143 0.019444
0 0.008147 0.151736 0.008705 0.015972
0 0.175223 0.077431 0.007589 0.014583
0 0.167076 0.231250 0.004241 0.026389
0 0.353348 0.054861 0.010268 0.008333
0 0.158817 0.262153 0.003348 0.031250
0 0.178795 0.229514 0.004018 0.028472
0 0.212277 0.285069 0.005804 0.011806
0 0.189509 0.086806 0.007143 0.009722
0 0.212946 0.034375 0.003571 0.027083
0 0.536830 0.960417 0.004018 0.012500
0 0.534598 0.106250 0.004018 0.012500
0 0.558929 0.047222 0.004018 0.012500
0 0.345982 0.023264 0.009375 0.010417
0 0.204241 0.063542 0.003571 0.022917
0 0.528571 0.648958 0.004911 0.013194
0 0.173214 0.317014 0.010268 0.015972
0 0.562054 0.380208 0.003125 0.014583
0 0.140960 0.046875 0.007366 0.014583
0 0.212612 0.252778 0.004687 0.013889
0 0.577902 0.697917 0.005357 0.012500
0 0.150893 0.044444 0.004911 0.012500
0 0.628795 0.025000 0.003571 0.008333
0 0.606473 0.025000 0.003571 0.008333
0 0.214062 0.311806 0.003125 0.026389
0 0.532031 0.046875 0.003348 0.010417
0 0.205246 0.047569 0.005134 0.013194
0 0.349554 0.961806 0.004018 0.012500
0 0.482143 0.062500 0.004464 0.034722
0 0.181250 0.082986 0.003571 0.009028
0 0.358817 0.961111 0.004241 0.015278
0 0.146094 0.122569 0.002455 0.014583
0 0.358817 0.022569 0.003795 0.009028
0 0.380246 0.954514 0.004241 0.014583
0 0.198103 0.202778 0.003795 0.009722
0 0.361272 0.954167 0.004241 0.015278
0 0.145089 0.349653 0.003571 0.014583
0 0.145089 0.305903 0.003571 0.014583
0 0.187054 0.260069 0.001786 0.018750
0 0.377232 0.960764 0.004018 0.014583
0 0.179129 0.379167 0.002009 0.015278
0 0.059933 0.988194 0.004687 0.009722
0 0.631362 0.738194 0.004687 0.009722
0 0.532031 0.078819 0.002902 0.031250
0 0.227679 0.135764 0.004018 0.009028
0 0.139509 0.240278 0.001786 0.023611
0 0.160714 0.032986 0.001786 0.014583
0 0.535603 0.033681 0.003348 0.010417
0 0.165179 0.129514 0.005804 0.007639
0 0.204241 0.033333 0.003571 0.009722
0 0.150335 0.111806 0.005580 0.005556
0 0.092969 0.981250 0.004241 0.006944
0 0.664397 0.731250 0.004241 0.006944
0 0.164062 0.146181 0.004018 0.007639
0 0.167634 0.360417 0.004018 0.009722
0 0.042299 0.028819 0.004241 0.010417
0 0.374107 0.387500 0.002232 0.008333
0 0.146987 0.046875 0.001563 0.011806
0 0.223772 0.255903 0.002455 0.009028
0 0.173661 0.248264 0.001339 0.011806
0 0.192746 0.155556 0.001563 0.008333
0 0.072991 0.990278 0.002232 0.009722
0 0.347545 0.950347 0.002232 0.010417
0 0.644420 0.740278 0.002232 0.009722
