0 0.490402 0.116319 0.050000 0.115972
0 0.041741 0.090972 0.010714 0.033333
0 0.466964 0.117361 0.010268 0.062500
0 0.025000 0.438194 0.010714 0.033333
0 0.484487 0.145139 0.022098 0.044444
0 0.468415 0.052431 0.014509 0.035417
0 0.502009 0.201736 0.015179 0.038194
0 0.447879 0.102431 0.022991 0.046528
0 0.166183 0.363542 0.010491 0.018750
0 0.470982 0.174653 0.014732 0.011806
0 0.006696 0.090972 0.007143 0.033333
0 0.446429 0.063889 0.009375 0.041667
0 0.024777 0.164236 0.009375 0.020139
0 0.458594 0.190972 0.006027 0.043056
0 0.558705 0.517361 0.007143 0.019444
0 0.008147 0.151736 0.008705 0.015972
0 0.487946 0.261111 0.012500 0.013889
0 0.437723 0.559375 0.012946 0.013194
0 0.297210 0.034375 0.009152 0.032639
0 0.453571 0.027431 0.011607 0.018750
0 0.488728 0.228125 0.009598 0.010417
0 0.457143 0.078125 0.007143 0.021528
0 0.156585 0.371528 0.009152 0.011111
0 0.466964 0.024306 0.006696 0.012500
0 0.299330 0.066667 0.004911 0.027778
0 0.424888 0.549653 0.004687 0.018750
0 0.536830 0.960417 0.004018 0.012500
0 0.534598 0.106250 0.004018 0.012500
0 0.558929 0.047222 0.004018 0.012500
0 0.484710 0.187153 0.003795 0.017361
0 0.461719 0.153125 0.004241 0.022917
0 0.491071 0.284375 0.004911 0.029861
0 0.528571 0.648958 0.004911 0.013194
0 0.451786 0.136806 0.004018 0.018056
0 0.300112 0.095833 0.006027 0.015278
0 0.305357 0.023264 0.004911 0.010417
0 0.577902 0.697917 0.005357 0.012500
0 0.318750 0.023264 0.007589 0.010417
0 0.628795 0.025000 0.003571 0.008333
0 0.606473 0.025000 0.003571 0.008333
0 0.150893 0.045833 0.004911 0.009722
0 0.532031 0.046875 0.003348 0.010417
0 0.444085 0.148958 0.002455 0.024306
0 0.349554 0.961806 0.004018 0.012500
0 0.496094 0.234722 0.003795 0.016667
0 0.452232 0.213889 0.008929 0.009722
0 0.518304 0.141319 0.002679 0.025694
0 0.487388 0.177431 0.002455 0.014583
0 0.506250 0.264236 0.003571 0.020139
0 0.358817 0.961111 0.004241 0.015278
0 0.312277 0.089583 0.005804 0.016667
0 0.443750 0.030208 0.006250 0.011806
0 0.521205 0.153819 0.004464 0.007639
0 0.380246 0.954514 0.004241 0.014583
0 0.361272 0.954167 0.004241 0.015278
0 0.145089 0.305903 0.003571 0.014583
0 0.471875 0.036111 0.003571 0.006944
0 0.377232 0.960764 0.004018 0.014583
0 0.145089 0.349653 0.003571 0.014583
0 0.139732 0.046875 0.004911 0.014583
0 0.059933 0.988194 0.004687 0.009722
0 0.631362 0.738194 0.004687 0.009722
0 0.308929 0.060417 0.004018 0.012500
0 0.532031 0.078819 0.002902 0.031250
0 0.535603 0.033681 0.003348 0.010417
0 0.092969 0.981250 0.004241 0.006944
0 0.664397 0.731250 0.004241 0.006944
0 0.453906 0.272222 0.001563 0.013889
0 0.490737 0.197222 0.003795 0.006944
0 0.468638 0.160764 0.002009 0.013194
0 0.042299 0.028819 0.004241 0.010417
0 0.518862 0.062847 0.002902 0.007639
0 0.481138 0.072569 0.002455 0.015972
0 0.146987 0.046875 0.001563 0.011806
0 0.483371 0.054514 0.002009 0.018750
0 0.453571 0.068056 0.002679 0.006944
0 0.248884 0.048264 0.004018 0.006250
0 0.478571 0.112847 0.001786 0.007639
0 0.072991 0.990278 0.002232 0.009722
0 0.347545 0.950347 0.002232 0.010417
0 0.644420 0.740278 0.002232 0.009722
