0 0.419308 0.515625 0.023884 0.029861
0 0.369978 0.112153 0.018527 0.063194
0 0.041741 0.090972 0.010714 0.033333
0 0.025000 0.438194 0.010714 0.033333
0 0.348772 0.114236 0.019420 0.042361
0 0.327344 0.103819 0.022098 0.046528
0 0.329688 0.153125 0.016518 0.039583
0 0.366629 0.058681 0.024330 0.015972
0 0.385714 0.175694 0.018304 0.048611
0 0.402455 0.096875 0.023214 0.043750
0 0.345759 0.058681 0.012946 0.015972
0 0.006696 0.090972 0.007143 0.033333
0 0.334040 0.058681 0.008705 0.015972
0 0.406138 0.037500 0.010491 0.033333
0 0.024777 0.164236 0.009375 0.020139
0 0.360938 0.145486 0.010714 0.009028
0 0.558705 0.517361 0.007143 0.019444
0 0.400670 0.064583 0.009375 0.023611
0 0.008147 0.151736 0.008705 0.015972
0 0.350223 0.024653 0.011161 0.007639
0 0.322433 0.023264 0.015848 0.010417
0 0.344085 0.184722 0.010937 0.011111
0 0.388616 0.060069 0.011161 0.013194
0 0.402232 0.142014 0.004018 0.025694
0 0.265179 0.532639 0.011161 0.009722
0 0.339732 0.212500 0.007143 0.009722
0 0.349330 0.150347 0.004464 0.015972
0 0.379129 0.132986 0.005134 0.021528
0 0.392076 0.123958 0.004687 0.018750
0 0.536830 0.960417 0.004018 0.012500
0 0.534598 0.106250 0.004018 0.012500
0 0.558929 0.047222 0.004018 0.012500
0 0.381250 0.023958 0.007143 0.009028
0 0.360826 0.025000 0.008259 0.006944
0 0.390179 0.234375 0.003125 0.020139
0 0.528571 0.648958 0.004911 0.013194
0 0.314286 0.091319 0.002232 0.021528
0 0.276674 0.522569 0.004687 0.018750
0 0.577902 0.697917 0.005357 0.012500
0 0.323214 0.205556 0.004018 0.018056
0 0.318973 0.058681 0.004911 0.015972
0 0.628795 0.025000 0.003571 0.008333
0 0.606473 0.025000 0.003571 0.008333
0 0.335268 0.184722 0.004018 0.015278
0 0.150893 0.045833 0.004911 0.009722
0 0.341406 0.023264 0.004241 0.010417
0 0.338616 0.230903 0.004018 0.021528
0 0.532031 0.046875 0.003348 0.010417
0 0.349554 0.961806 0.004018 0.012500
0 0.347098 0.139931 0.002679 0.013194
0 0.384152 0.251736 0.002679 0.014583
0 0.358817 0.961111 0.004241 0.015278
0 0.368638 0.026042 0.006027 0.004861
0 0.380246 0.954514 0.004241 0.014583
0 0.411049 0.159028 0.006027 0.016667
0 0.361272 0.954167 0.004241 0.015278
0 0.310826 0.100000 0.004241 0.005556
0 0.145089 0.349653 0.003571 0.014583
0 0.145089 0.305903 0.003571 0.014583
0 0.377232 0.960764 0.004018 0.014583
0 0.139732 0.046875 0.004911 0.014583
0 0.482589 0.058681 0.003571 0.027083
0 0.059933 0.988194 0.004687 0.009722
0 0.631362 0.738194 0.004687 0.009722
0 0.532031 0.078819 0.002902 0.031250
0 0.395871 0.223611 0.005580 0.005556
0 0.535603 0.033681 0.003348 0.010417
0 0.370871 0.163542 0.002009 0.010417
0 0.092969 0.981250 0.004241 0.006944
0 0.664397 0.731250 0.004241 0.006944
0 0.330692 0.215278 0.004687 0.005556
0 0.385045 0.095486 0.004018 0.006250
0 0.342969 0.155208 0.004241 0.006250
0 0.346205 0.246528 0.004018 0.004167
0 0.314732 0.130208 0.002679 0.013194
0 0.042299 0.028819 0.004241 0.010417
0 0.374665 0.026389 0.003795 0.004167
0 0.336719 0.024653 0.003348 0.004861
0 0.313728 0.060069 0.004241 0.003472
0 0.372768 0.178819 0.002679 0.007639
0 0.348996 0.213542 0.003795 0.004861
0 0.146987 0.046875 0.001563 0.011806
0 0.072991 0.990278 0.002232 0.009722
0 0.347545 0.950347 0.002232 0.010417
0 0.644420 0.740278 0.002232 0.009722
0 0.332589 0.229861 0.004018 0.004167
