0 0.154464 0.224653 0.013839 0.100694
0 0.041741 0.090972 0.010714 0.033333
0 0.025000 0.438194 0.010714 0.033333
0 0.147768 0.109028 0.016071 0.077778
0 0.168192 0.356597 0.020313 0.038194
0 0.139509 0.184028 0.008482 0.120833
0 0.469085 0.043056 0.014063 0.050000
0 0.152009 0.338542 0.005357 0.032639
0 0.145982 0.226736 0.006696 0.046528
0 0.006696 0.090972 0.007143 0.033333
0 0.147545 0.053125 0.011607 0.024306
0 0.024777 0.164236 0.009375 0.020139
0 0.558705 0.517361 0.007143 0.019444
0 0.157031 0.296528 0.007366 0.037500
0 0.008147 0.151736 0.008705 0.015972
0 0.207813 0.094792 0.011607 0.011806
0 0.149330 0.300000 0.006696 0.033333
0 0.138281 0.286806 0.006027 0.025000
0 0.140848 0.381250 0.005804 0.029167
0 0.459933 0.076389 0.009598 0.008333
0 0.536830 0.960417 0.004018 0.012500
0 0.534598 0.106250 0.004018 0.012500
0 0.558929 0.047222 0.004018 0.012500
0 0.153571 0.446875 0.004018 0.046528
0 0.159710 0.319444 0.003795 0.029167
0 0.528571 0.648958 0.004911 0.013194
0 0.145313 0.351389 0.004018 0.018056
0 0.143750 0.286806 0.004018 0.016667
0 0.152679 0.065625 0.004018 0.027083
0 0.162835 0.263542 0.004687 0.022917
0 0.143750 0.189931 0.003125 0.014583
0 0.352455 0.436806 0.007589 0.012500
0 0.577902 0.697917 0.005357 0.012500
0 0.628795 0.025000 0.003571 0.008333
0 0.606473 0.025000 0.003571 0.008333
0 0.482143 0.062847 0.004464 0.035417
0 0.532031 0.046875 0.003348 0.010417
0 0.349554 0.961806 0.004018 0.012500
0 0.146875 0.153125 0.002232 0.021528
0 0.469420 0.092708 0.003125 0.015972
0 0.145201 0.305903 0.003795 0.014583
0 0.358817 0.961111 0.004241 0.015278
0 0.340513 0.437847 0.005580 0.011806
0 0.380246 0.954514 0.004241 0.014583
0 0.361272 0.954167 0.004241 0.015278
0 0.149777 0.197222 0.002679 0.011111
0 0.377232 0.960764 0.004018 0.014583
0 0.139732 0.046875 0.004911 0.014583
0 0.059933 0.988194 0.004687 0.009722
0 0.631362 0.738194 0.004687 0.009722
0 0.458036 0.036806 0.003125 0.009722
0 0.140960 0.331597 0.002902 0.017361
0 0.532031 0.078819 0.002902 0.031250
0 0.535603 0.033681 0.003348 0.010417
0 0.147210 0.392708 0.001563 0.024306
0 0.092969 0.981250 0.004241 0.006944
0 0.664397 0.731250 0.004241 0.006944
0 0.136496 0.107292 0.002902 0.011806
0 0.151339 0.385069 0.002232 0.024306
0 0.160268 0.247222 0.002232 0.022222
0 0.155246 0.168750 0.002455 0.011111
0 0.042299 0.028819 0.004241 0.010417
0 0.199442 0.022917 0.002009 0.009722
0 0.156696 0.128125 0.001786 0.017361
0 0.146429 0.196181 0.001339 0.011806
0 0.158817 0.154861 0.002455 0.011111
0 0.492076 0.060417 0.002009 0.012500
0 0.072991 0.990278 0.002232 0.009722
0 0.347545 0.950347 0.002232 0.010417
0 0.644420 0.740278 0.002232 0.009722
