0 0.266741 0.093750 0.065625 0.129167
0 0.497656 0.454861 0.026116 0.030556
0 0.041741 0.090972 0.010714 0.033333
0 0.025000 0.438194 0.010714 0.033333
0 0.270759 0.123264 0.020536 0.042361
0 0.292969 0.036806 0.017634 0.036111
0 0.251897 0.170833 0.016295 0.038889
0 0.305915 0.176736 0.016295 0.047917
0 0.318973 0.097917 0.020536 0.034722
0 0.513170 0.084028 0.008929 0.051389
0 0.006696 0.090972 0.007143 0.033333
0 0.024777 0.164236 0.009375 0.020139
0 0.558705 0.517361 0.007143 0.019444
0 0.008147 0.151736 0.008705 0.015972
0 0.259152 0.028819 0.008036 0.021528
0 0.510826 0.123264 0.009598 0.020139
0 0.266741 0.198958 0.010268 0.009028
0 0.304464 0.065625 0.007143 0.020139
0 0.497545 0.094792 0.005357 0.035417
0 0.262946 0.229514 0.007143 0.011806
0 0.319754 0.138542 0.003795 0.025694
0 0.271094 0.162500 0.004241 0.016667
0 0.279687 0.031250 0.008036 0.009722
0 0.536830 0.960417 0.004018 0.012500
0 0.534598 0.106250 0.004018 0.012500
0 0.558929 0.047222 0.004018 0.012500
0 0.310268 0.123611 0.004464 0.018056
0 0.298438 0.134375 0.004911 0.018750
0 0.528571 0.648958 0.004911 0.013194
0 0.310268 0.234028 0.002679 0.020833
0 0.246094 0.227778 0.004687 0.019444
0 0.577902 0.697917 0.005357 0.012500
0 0.628795 0.025000 0.003571 0.008333
0 0.606473 0.025000 0.003571 0.008333
0 0.257812 0.202431 0.004018 0.015972
0 0.281362 0.567708 0.002902 0.017361
0 0.150893 0.045833 0.004911 0.009722
0 0.262054 0.247917 0.004018 0.020833
0 0.482143 0.062847 0.004464 0.035417
0 0.532031 0.046875 0.003348 0.010417
0 0.349554 0.961806 0.004018 0.012500
0 0.358817 0.961111 0.004241 0.015278
0 0.313728 0.058681 0.002455 0.015972
0 0.305246 0.253125 0.002009 0.014583
0 0.268750 0.152083 0.002232 0.013889
0 0.232143 0.121181 0.004464 0.006250
0 0.500223 0.065625 0.003125 0.015972
0 0.288728 0.022222 0.003795 0.006944
0 0.380246 0.954514 0.004241 0.014583
0 0.361272 0.954167 0.004241 0.015278
0 0.145089 0.349653 0.003571 0.014583
0 0.145089 0.305903 0.003571 0.014583
0 0.377232 0.960764 0.004018 0.014583
0 0.139732 0.046875 0.004911 0.014583
0 0.059933 0.988194 0.004687 0.009722
0 0.631362 0.738194 0.004687 0.009722
0 0.490290 0.151736 0.002009 0.017361
0 0.532031 0.078819 0.002902 0.031250
0 0.484598 0.081944 0.004018 0.011111
0 0.535603 0.033681 0.003348 0.010417
0 0.253906 0.235069 0.004687 0.006250
0 0.092969 0.981250 0.004241 0.006944
0 0.664397 0.731250 0.004241 0.006944
0 0.263170 0.577431 0.003571 0.009028
0 0.264955 0.169444 0.004464 0.006944
0 0.315290 0.222222 0.004687 0.005556
0 0.327679 0.150000 0.004911 0.009722
0 0.504687 0.087847 0.002232 0.014583
0 0.309152 0.056597 0.003571 0.006250
0 0.324554 0.023264 0.002232 0.010417
0 0.234263 0.078472 0.004687 0.004167
0 0.236719 0.151736 0.002902 0.013194
0 0.269643 0.262153 0.004018 0.004861
0 0.042299 0.028819 0.004241 0.010417
0 0.493192 0.164583 0.001563 0.012500
0 0.486719 0.145139 0.003348 0.005556
0 0.256362 0.036111 0.003348 0.005556
0 0.303237 0.097222 0.003348 0.005556
0 0.283705 0.021181 0.003125 0.006250
0 0.256250 0.250000 0.004018 0.004167
0 0.490179 0.120139 0.004018 0.005556
0 0.146987 0.046875 0.001563 0.011806
0 0.523772 0.063889 0.006920 0.005556
0 0.503571 0.098958 0.003125 0.006250
0 0.279799 0.093403 0.002009 0.007639
0 0.293527 0.184028 0.002232 0.008333
0 0.248438 0.020486 0.003125 0.004861
0 0.072991 0.990278 0.002232 0.009722
0 0.347545 0.950347 0.002232 0.010417
0 0.644420 0.740278 0.002232 0.009722
