0 0.277567 0.088542 0.060937 0.125694
0 0.307812 0.105556 0.014286 0.050000
0 0.041741 0.090972 0.010714 0.033333
0 0.554911 0.482639 0.017411 0.034722
0 0.025000 0.438194 0.010714 0.033333
0 0.288058 0.128472 0.021205 0.044444
0 0.268973 0.179167 0.016518 0.038889
0 0.319643 0.181597 0.012054 0.049306
0 0.335156 0.098958 0.019866 0.036806
0 0.006696 0.090972 0.007143 0.033333
0 0.301897 0.159375 0.012723 0.011806
0 0.521205 0.077083 0.008482 0.043056
0 0.024777 0.164236 0.009375 0.020139
0 0.558705 0.517361 0.007143 0.019444
0 0.276451 0.030556 0.007812 0.025000
0 0.008147 0.151736 0.008705 0.015972
0 0.302790 0.609722 0.006920 0.023611
0 0.283482 0.206944 0.010268 0.008333
0 0.518973 0.111806 0.008929 0.020833
0 0.506808 0.086111 0.004687 0.033333
0 0.279687 0.239236 0.006696 0.011806
0 0.335826 0.140972 0.003348 0.026389
0 0.288058 0.169097 0.004241 0.017361
0 0.322656 0.060417 0.010045 0.012500
0 0.315067 0.139583 0.004687 0.022222
0 0.536830 0.960417 0.004018 0.012500
0 0.534598 0.106250 0.004018 0.012500
0 0.558929 0.047222 0.004018 0.012500
0 0.326562 0.126389 0.004464 0.018056
0 0.307478 0.142014 0.004241 0.021528
0 0.528571 0.648958 0.004911 0.013194
0 0.326339 0.239583 0.002679 0.020833
0 0.263058 0.238194 0.004687 0.019444
0 0.274777 0.211458 0.004018 0.017361
0 0.278906 0.258681 0.004241 0.024306
0 0.577902 0.697917 0.005357 0.012500
0 0.628795 0.025000 0.003571 0.008333
0 0.606473 0.025000 0.003571 0.008333
0 0.150893 0.045833 0.004911 0.009722
0 0.319308 0.610417 0.005580 0.015278
0 0.295424 0.033333 0.005134 0.009722
0 0.532031 0.046875 0.003348 0.010417
0 0.306696 0.053819 0.006696 0.006250
0 0.482143 0.062847 0.004464 0.035417
0 0.349554 0.961806 0.004018 0.012500
0 0.285603 0.158681 0.002455 0.014583
0 0.300112 0.022222 0.004241 0.008333
0 0.358817 0.961111 0.004241 0.015278
0 0.321317 0.259722 0.002009 0.015278
0 0.305804 0.022917 0.004018 0.006944
0 0.145089 0.305903 0.003571 0.014583
0 0.380246 0.954514 0.004241 0.014583
0 0.361272 0.954167 0.004241 0.015278
0 0.145089 0.349653 0.003571 0.014583
0 0.330246 0.058681 0.002009 0.015972
0 0.377232 0.960764 0.004018 0.014583
0 0.139732 0.046875 0.004911 0.014583
0 0.059933 0.988194 0.004687 0.009722
0 0.631362 0.738194 0.004687 0.009722
0 0.315625 0.025694 0.006250 0.005556
0 0.499442 0.142361 0.002009 0.018056
0 0.532031 0.078819 0.002902 0.031250
0 0.265737 0.022222 0.003348 0.008333
0 0.535603 0.033681 0.003348 0.010417
0 0.270871 0.245139 0.004687 0.006944
0 0.092969 0.981250 0.004241 0.006944
0 0.664397 0.731250 0.004241 0.006944
0 0.331473 0.227083 0.004911 0.006944
0 0.343527 0.151736 0.005357 0.010417
0 0.281920 0.176736 0.004464 0.006250
0 0.286272 0.271875 0.003795 0.004861
0 0.513504 0.076736 0.002455 0.014583
0 0.042299 0.028819 0.004241 0.010417
0 0.253795 0.160417 0.002679 0.013889
0 0.251674 0.084722 0.004241 0.004167
0 0.273661 0.039583 0.003125 0.005556
0 0.319866 0.099653 0.003571 0.006250
0 0.496094 0.135417 0.003348 0.005556
0 0.340960 0.023264 0.002009 0.010417
0 0.272991 0.260417 0.004018 0.004167
0 0.146987 0.046875 0.001563 0.011806
0 0.296652 0.097222 0.001786 0.008333
0 0.502121 0.154861 0.001563 0.012500
0 0.288393 0.236111 0.003125 0.005556
0 0.310156 0.189583 0.002455 0.008333
0 0.072991 0.990278 0.002232 0.009722
0 0.347545 0.950347 0.002232 0.010417
0 0.644420 0.740278 0.002232 0.009722
0 0.273661 0.272917 0.004464 0.004167
