0 0.241406 0.104861 0.070312 0.125000
0 0.466406 0.518403 0.028348 0.036806
0 0.041741 0.090972 0.010714 0.033333
0 0.269420 0.052431 0.018750 0.034028
0 0.245647 0.140972 0.021652 0.044444
0 0.025000 0.438194 0.010714 0.033333
0 0.225893 0.190972 0.017857 0.040278
0 0.507031 0.091319 0.013170 0.067361
0 0.297433 0.108681 0.022098 0.046528
0 0.281362 0.196528 0.013170 0.050000
0 0.296429 0.068750 0.011161 0.041667
0 0.287165 0.028472 0.021205 0.020833
0 0.232924 0.035764 0.008705 0.035417
0 0.006696 0.090972 0.007143 0.033333
0 0.260268 0.172917 0.012054 0.011111
0 0.024777 0.164236 0.009375 0.020139
0 0.558705 0.517361 0.007143 0.019444
0 0.008147 0.151736 0.008705 0.015972
0 0.473661 0.053125 0.008929 0.036806
0 0.282589 0.080903 0.008929 0.021528
0 0.241853 0.219792 0.011384 0.009028
0 0.271094 0.025347 0.008705 0.011806
0 0.237388 0.633681 0.011830 0.013194
0 0.502790 0.138542 0.010045 0.021528
0 0.488616 0.110764 0.004911 0.034028
0 0.298549 0.156597 0.004241 0.027083
0 0.238839 0.251736 0.008929 0.011806
0 0.255134 0.045139 0.008482 0.009722
0 0.246540 0.181944 0.004687 0.016667
0 0.258929 0.028125 0.004018 0.020139
0 0.275781 0.153472 0.005134 0.022222
0 0.288281 0.140972 0.005134 0.018056
0 0.536830 0.960417 0.004018 0.012500
0 0.534598 0.106250 0.004018 0.012500
0 0.558929 0.047222 0.004018 0.012500
0 0.288951 0.255903 0.002902 0.021528
0 0.219978 0.250347 0.005134 0.020139
0 0.474888 0.090625 0.004687 0.022917
0 0.221429 0.027431 0.003571 0.018750
0 0.497879 0.065625 0.003348 0.034028
0 0.237500 0.273958 0.004911 0.028472
0 0.528571 0.648958 0.004911 0.013194
0 0.264621 0.030208 0.004241 0.017361
0 0.232589 0.223958 0.004464 0.017361
0 0.577902 0.697917 0.005357 0.012500
0 0.243862 0.171181 0.002902 0.014583
0 0.495536 0.105903 0.004464 0.022917
0 0.628795 0.025000 0.003571 0.008333
0 0.606473 0.025000 0.003571 0.008333
0 0.150893 0.045833 0.004911 0.009722
0 0.482143 0.062847 0.004464 0.035417
0 0.532031 0.046875 0.003348 0.010417
0 0.349554 0.961806 0.004018 0.012500
0 0.204241 0.139583 0.004911 0.006944
0 0.283705 0.276042 0.002232 0.014583
0 0.492746 0.065625 0.003348 0.022917
0 0.358817 0.961111 0.004241 0.015278
0 0.380246 0.954514 0.004241 0.014583
0 0.361272 0.954167 0.004241 0.015278
0 0.480915 0.168750 0.002009 0.018056
0 0.145089 0.305903 0.003571 0.014583
0 0.145089 0.349653 0.003571 0.014583
0 0.377232 0.960764 0.004018 0.014583
0 0.307143 0.169444 0.005804 0.012500
0 0.139732 0.046875 0.004911 0.014583
0 0.059933 0.988194 0.004687 0.009722
0 0.631362 0.738194 0.004687 0.009722
0 0.228348 0.257639 0.004911 0.006944
0 0.532031 0.078819 0.002902 0.031250
0 0.294308 0.243403 0.005134 0.006250
0 0.535603 0.033681 0.003348 0.010417
0 0.206585 0.094792 0.004687 0.004861
0 0.525670 0.072917 0.001339 0.020833
0 0.092969 0.981250 0.004241 0.006944
0 0.664397 0.731250 0.004241 0.006944
0 0.239844 0.189583 0.004687 0.006944
0 0.284933 0.058333 0.006473 0.005556
0 0.209375 0.170833 0.003125 0.013889
0 0.245424 0.285764 0.004241 0.004861
0 0.477232 0.161806 0.004018 0.005556
0 0.286830 0.071528 0.003571 0.006944
0 0.268527 0.190972 0.001786 0.013889
0 0.230022 0.050347 0.003348 0.006250
0 0.484152 0.181944 0.001786 0.012500
0 0.280580 0.113542 0.003571 0.006250
0 0.255469 0.109722 0.002009 0.008333
0 0.042299 0.028819 0.004241 0.010417
0 0.230804 0.272917 0.004911 0.004167
0 0.246987 0.249653 0.003795 0.006250
0 0.270759 0.204167 0.002679 0.008333
0 0.497656 0.161806 0.001563 0.016667
0 0.290737 0.216319 0.004241 0.004861
0 0.146987 0.046875 0.001563 0.011806
0 0.484487 0.135069 0.004687 0.006250
0 0.475781 0.138889 0.003348 0.008333
0 0.201451 0.246528 0.002009 0.009722
0 0.463504 0.067708 0.002009 0.014583
0 0.480246 0.059375 0.002455 0.010417
0 0.072991 0.990278 0.002232 0.009722
0 0.347545 0.950347 0.002232 0.010417
0 0.644420 0.740278 0.002232 0.009722
