0 0.434598 0.132639 0.056250 0.150000
0 0.469978 0.054167 0.024777 0.072222
0 0.041741 0.090972 0.010714 0.033333
0 0.455134 0.085417 0.023661 0.038889
0 0.025000 0.438194 0.010714 0.033333
0 0.481473 0.185417 0.021429 0.045833
0 0.482924 0.133681 0.013616 0.046528
0 0.464286 0.262500 0.015179 0.065278
0 0.420089 0.189931 0.012054 0.050694
0 0.432589 0.156250 0.008482 0.033333
0 0.439063 0.201736 0.016071 0.015972
0 0.006696 0.090972 0.007143 0.033333
0 0.284263 0.031250 0.016741 0.026389
0 0.430022 0.039583 0.006920 0.043056
0 0.439621 0.027083 0.010491 0.018056
0 0.024777 0.164236 0.009375 0.020139
0 0.468304 0.132292 0.007589 0.024306
0 0.450335 0.046181 0.004241 0.038194
0 0.558705 0.517361 0.007143 0.019444
0 0.008147 0.151736 0.008705 0.015972
0 0.460938 0.060417 0.007589 0.013889
0 0.479464 0.235069 0.004018 0.031250
0 0.417746 0.047917 0.011384 0.020833
0 0.470982 0.205208 0.004018 0.024306
0 0.459487 0.205556 0.004241 0.027778
0 0.466741 0.333681 0.003125 0.024306
0 0.536830 0.960417 0.004018 0.012500
0 0.534598 0.106250 0.004018 0.012500
0 0.558929 0.047222 0.004018 0.012500
0 0.285938 0.064236 0.004464 0.021528
0 0.275223 0.056597 0.008482 0.006250
0 0.426563 0.262500 0.005804 0.008333
0 0.528571 0.648958 0.004911 0.013194
0 0.577902 0.697917 0.005357 0.012500
0 0.628795 0.025000 0.003571 0.008333
0 0.606473 0.025000 0.003571 0.008333
0 0.487835 0.265625 0.005580 0.027083
0 0.150893 0.045833 0.004911 0.009722
0 0.482143 0.062847 0.004464 0.035417
0 0.532031 0.046875 0.003348 0.010417
0 0.461049 0.348264 0.002455 0.017361
0 0.349554 0.961806 0.004018 0.012500
0 0.440179 0.185417 0.004018 0.011111
0 0.455022 0.066319 0.003795 0.009028
0 0.422879 0.026736 0.002902 0.017361
0 0.358817 0.961111 0.004241 0.015278
0 0.490179 0.100694 0.002232 0.015278
0 0.423549 0.227431 0.002902 0.015972
0 0.414621 0.242014 0.003348 0.018750
0 0.425223 0.282639 0.003125 0.023611
0 0.380246 0.954514 0.004241 0.014583
0 0.433371 0.188542 0.002009 0.014583
0 0.361272 0.954167 0.004241 0.015278
0 0.471987 0.328125 0.005134 0.009028
0 0.428013 0.230208 0.003795 0.009028
0 0.470313 0.081944 0.004018 0.006944
0 0.234598 0.415278 0.003125 0.013889
0 0.377232 0.960764 0.004018 0.014583
0 0.145089 0.349653 0.003571 0.014583
0 0.145089 0.305903 0.003571 0.014583
0 0.139732 0.046875 0.004911 0.014583
0 0.059933 0.988194 0.004687 0.009722
0 0.631362 0.738194 0.004687 0.009722
0 0.532031 0.078819 0.002902 0.031250
0 0.471652 0.109028 0.005804 0.006944
0 0.535603 0.033681 0.003348 0.010417
0 0.485826 0.090278 0.005580 0.005556
0 0.268192 0.021181 0.004241 0.006250
0 0.092969 0.981250 0.004241 0.006944
0 0.664397 0.731250 0.004241 0.006944
0 0.472879 0.124653 0.003348 0.007639
0 0.451897 0.234028 0.001563 0.012500
0 0.465290 0.165625 0.002902 0.007639
0 0.042299 0.028819 0.004241 0.010417
0 0.419643 0.257639 0.003571 0.005556
0 0.401562 0.048958 0.001339 0.017361
0 0.297098 0.045833 0.001786 0.009722
0 0.146987 0.046875 0.001563 0.011806
0 0.430580 0.305208 0.003125 0.006250
0 0.453125 0.252778 0.002232 0.008333
0 0.400558 0.022569 0.002455 0.006250
0 0.444643 0.136806 0.001786 0.008333
0 0.492076 0.060417 0.002009 0.012500
0 0.072991 0.990278 0.002232 0.009722
0 0.347545 0.950347 0.002232 0.010417
0 0.644420 0.740278 0.002232 0.009722
