0 0.041741 0.090972 0.010714 0.033333
0 0.025000 0.438194 0.010714 0.033333
0 0.456696 0.045139 0.010714 0.043056
0 0.006696 0.090972 0.007143 0.033333
0 0.555134 0.264583 0.008482 0.045833
0 0.024777 0.164236 0.009375 0.020139
0 0.558705 0.517361 0.007143 0.019444
0 0.176786 0.065625 0.006696 0.035417
0 0.008147 0.151736 0.008705 0.015972
0 0.184375 0.093403 0.012054 0.013194
0 0.554799 0.319792 0.004241 0.038194
0 0.558705 0.413889 0.008036 0.023611
0 0.560603 0.225694 0.006027 0.018056
0 0.561272 0.184375 0.004687 0.020139
0 0.561830 0.307639 0.003571 0.025000
0 0.446987 0.076042 0.005134 0.014583
0 0.556138 0.462500 0.003795 0.030556
0 0.536830 0.960417 0.004018 0.012500
0 0.534598 0.106250 0.004018 0.012500
0 0.558929 0.047222 0.004018 0.012500
0 0.560714 0.152778 0.005804 0.015278
0 0.528571 0.648958 0.004911 0.013194
0 0.577902 0.697917 0.005357 0.012500
0 0.628795 0.025000 0.003571 0.008333
0 0.606473 0.025000 0.003571 0.008333
0 0.150893 0.045833 0.004911 0.009722
0 0.532031 0.046875 0.003348 0.010417
0 0.169978 0.077431 0.005580 0.022917
0 0.466964 0.063194 0.005804 0.016667
0 0.482143 0.062847 0.004464 0.035417
0 0.349554 0.961806 0.004018 0.012500
0 0.557589 0.495486 0.002232 0.020139
0 0.358817 0.961111 0.004241 0.015278
0 0.552232 0.439931 0.003571 0.013194
0 0.380246 0.954514 0.004241 0.014583
0 0.361272 0.954167 0.004241 0.015278
0 0.145089 0.349653 0.003571 0.014583
0 0.145089 0.305903 0.003571 0.014583
0 0.174442 0.025347 0.003795 0.014583
0 0.377232 0.960764 0.004018 0.014583
0 0.139732 0.046875 0.004911 0.014583
0 0.452567 0.077778 0.004241 0.011111
0 0.267076 0.323958 0.007366 0.004861
0 0.059933 0.988194 0.004687 0.009722
0 0.631362 0.738194 0.004687 0.009722
0 0.552455 0.394444 0.003125 0.013889
0 0.532031 0.078819 0.002902 0.031250
0 0.535603 0.033681 0.003348 0.010417
0 0.553013 0.228125 0.001563 0.022917
0 0.173437 0.044097 0.002679 0.010417
0 0.092969 0.981250 0.004241 0.006944
0 0.664397 0.731250 0.004241 0.006944
0 0.177790 0.029514 0.002902 0.013194
0 0.562388 0.073611 0.002455 0.013889
0 0.547879 0.323264 0.002902 0.010417
0 0.543080 0.101042 0.002232 0.013194
0 0.042299 0.028819 0.004241 0.010417
0 0.545759 0.254861 0.002232 0.016667
0 0.167187 0.028472 0.002679 0.008333
0 0.179688 0.070139 0.002679 0.012500
0 0.448214 0.027083 0.002679 0.009722
0 0.146987 0.046875 0.001563 0.011806
0 0.562612 0.267708 0.002009 0.007639
0 0.072991 0.990278 0.002232 0.009722
0 0.347545 0.950347 0.002232 0.010417
0 0.644420 0.740278 0.002232 0.009722
