0 0.160491 0.590278 0.033482 0.119444
0 0.478683 0.662847 0.034152 0.092361
0 0.215067 0.382986 0.034598 0.086806
0 0.216629 0.283333 0.029687 0.097222
0 0.238393 0.270139 0.022768 0.109722
0 0.198996 0.554514 0.035491 0.117361
0 0.370201 0.755903 0.030134 0.060417
0 0.546317 0.303125 0.025670 0.109028
0 0.494866 0.536806 0.021429 0.069444
0 0.274554 0.622917 0.035714 0.086111
0 0.268304 0.393750 0.019643 0.058333
0 0.341295 0.269792 0.016964 0.068750
0 0.449107 0.478472 0.012946 0.065278
0 0.365290 0.693056 0.019866 0.038889
0 0.191964 0.057639 0.022768 0.055556
0 0.150335 0.227778 0.012277 0.066667
0 0.352902 0.188194 0.020089 0.029167
0 0.378683 0.200347 0.014955 0.043750
0 0.386161 0.325347 0.018750 0.039583
0 0.041741 0.090972 0.010714 0.033333
0 0.400446 0.467014 0.016964 0.027083
0 0.025000 0.438194 0.010714 0.033333
0 0.295536 0.694444 0.008482 0.038889
0 0.507701 0.895486 0.024777 0.025694
0 0.139621 0.324653 0.009152 0.034028
0 0.231473 0.653125 0.007143 0.031250
0 0.006696 0.090972 0.007143 0.033333
0 0.440290 0.918056 0.008705 0.045833
0 0.024777 0.164236 0.009375 0.020139
0 0.558705 0.517361 0.007143 0.019444
0 0.470089 0.918403 0.008036 0.035417
0 0.008147 0.151736 0.008705 0.015972
0 0.450000 0.871875 0.013839 0.021528
0 0.548103 0.339931 0.014509 0.031250
0 0.138504 0.301389 0.006920 0.016667
0 0.502009 0.928472 0.016518 0.034722
0 0.536830 0.960417 0.004018 0.012500
0 0.534598 0.106250 0.004018 0.012500
0 0.558929 0.047222 0.004018 0.012500
0 0.496429 0.912847 0.004911 0.032639
0 0.528571 0.648958 0.004911 0.013194
0 0.143973 0.163889 0.004018 0.052778
0 0.152455 0.116667 0.004464 0.015278
0 0.144978 0.348611 0.004241 0.016667
0 0.144420 0.304861 0.005357 0.016667
0 0.577902 0.697917 0.005357 0.012500
0 0.399665 0.028819 0.005580 0.017361
0 0.628795 0.025000 0.003571 0.008333
0 0.606473 0.025000 0.003571 0.008333
0 0.150893 0.045833 0.004911 0.009722
0 0.136161 0.583333 0.002232 0.018056
0 0.138058 0.311111 0.006027 0.020833
0 0.532031 0.046875 0.003348 0.010417
0 0.349554 0.961806 0.004018 0.012500
0 0.562835 0.723611 0.001563 0.018056
0 0.358817 0.961111 0.004241 0.015278
0 0.250893 0.574306 0.002679 0.018056
0 0.476451 0.966667 0.005580 0.011111
0 0.500781 0.913194 0.008705 0.019444
0 0.380246 0.954514 0.004241 0.014583
0 0.361272 0.954167 0.004241 0.015278
0 0.377232 0.960764 0.004018 0.014583
0 0.139732 0.046875 0.004911 0.014583
0 0.059933 0.988194 0.004687 0.009722
0 0.631362 0.738194 0.004687 0.009722
0 0.562835 0.749653 0.001563 0.015972
0 0.532031 0.078819 0.002902 0.031250
0 0.535603 0.033681 0.003348 0.010417
0 0.092969 0.981250 0.004241 0.006944
0 0.664397 0.731250 0.004241 0.006944
0 0.298772 0.050694 0.004241 0.012500
0 0.042299 0.028819 0.004241 0.010417
0 0.562946 0.706944 0.001339 0.011111
0 0.147210 0.336806 0.002902 0.006944
0 0.146987 0.046875 0.001563 0.011806
0 0.483371 0.054167 0.002009 0.018056
0 0.072991 0.990278 0.002232 0.009722
0 0.347545 0.950347 0.002232 0.010417
0 0.644420 0.740278 0.002232 0.009722
