0 0.344420 0.111458 0.021875 0.061806
0 0.041741 0.090972 0.010714 0.033333
0 0.025000 0.438194 0.010714 0.033333
0 0.313728 0.105208 0.031920 0.049306
0 0.364732 0.104167 0.015179 0.030556
0 0.380804 0.139931 0.015625 0.043750
0 0.346763 0.058681 0.022098 0.015972
0 0.384152 0.096181 0.016964 0.031250
0 0.355134 0.142708 0.014732 0.013194
0 0.365848 0.058681 0.012054 0.015972
0 0.006696 0.090972 0.007143 0.033333
0 0.331027 0.179514 0.008482 0.042361
0 0.559375 0.522569 0.008482 0.029861
0 0.024777 0.164236 0.009375 0.020139
0 0.008147 0.151736 0.008705 0.015972
0 0.367522 0.205208 0.013616 0.010417
0 0.378348 0.058681 0.009375 0.015972
0 0.367522 0.177083 0.010491 0.013889
0 0.310379 0.153125 0.003348 0.025694
0 0.320536 0.131597 0.004911 0.020139
0 0.333705 0.136111 0.004911 0.023611
0 0.536830 0.960417 0.004018 0.012500
0 0.534598 0.106250 0.004018 0.012500
0 0.558929 0.047222 0.004018 0.012500
0 0.313839 0.058681 0.005804 0.015972
0 0.326339 0.062153 0.006696 0.009028
0 0.305692 0.462500 0.007812 0.012500
0 0.528571 0.648958 0.004911 0.013194
0 0.371763 0.225694 0.004687 0.029167
0 0.351786 0.020833 0.008036 0.005556
0 0.577902 0.697917 0.005357 0.012500
0 0.359263 0.023264 0.004241 0.010417
0 0.628795 0.025000 0.003571 0.008333
0 0.606473 0.025000 0.003571 0.008333
0 0.150893 0.045833 0.004911 0.009722
0 0.292857 0.460764 0.004911 0.015972
0 0.532031 0.046875 0.003348 0.010417
0 0.349554 0.961806 0.004018 0.012500
0 0.364621 0.132292 0.002455 0.013194
0 0.395313 0.072222 0.001786 0.023611
0 0.358817 0.961111 0.004241 0.015278
0 0.145089 0.305903 0.003571 0.014583
0 0.375446 0.173958 0.003571 0.014583
0 0.380246 0.954514 0.004241 0.014583
0 0.361272 0.954167 0.004241 0.015278
0 0.145089 0.349653 0.003571 0.014583
0 0.341629 0.167014 0.002009 0.015972
0 0.298996 0.051736 0.005580 0.011806
0 0.377232 0.960764 0.004018 0.014583
0 0.139732 0.046875 0.004911 0.014583
0 0.386496 0.190972 0.003348 0.018056
0 0.059933 0.988194 0.004687 0.009722
0 0.631362 0.738194 0.004687 0.009722
0 0.328013 0.262153 0.002009 0.013194
0 0.310491 0.082639 0.006696 0.004167
0 0.532031 0.078819 0.002902 0.031250
0 0.386607 0.062500 0.004911 0.005556
0 0.535603 0.033681 0.003348 0.010417
0 0.320201 0.060417 0.004241 0.006944
0 0.306696 0.026389 0.006250 0.004167
0 0.398326 0.080903 0.003795 0.006250
0 0.381138 0.023264 0.002455 0.010417
0 0.092969 0.981250 0.004241 0.006944
0 0.664397 0.731250 0.004241 0.006944
0 0.321205 0.207292 0.006250 0.006250
0 0.368750 0.147569 0.004464 0.006250
0 0.290513 0.124653 0.002009 0.018750
0 0.042299 0.028819 0.004241 0.010417
0 0.483147 0.055903 0.002455 0.021528
0 0.316071 0.238194 0.004464 0.005556
0 0.146987 0.046875 0.001563 0.011806
0 0.326786 0.149306 0.001339 0.011111
0 0.401897 0.045833 0.002009 0.009722
0 0.072991 0.990278 0.002232 0.009722
0 0.347545 0.950347 0.002232 0.010417
0 0.644420 0.740278 0.002232 0.009722
