0 0.520089 0.145139 0.018304 0.084722
0 0.299107 0.518750 0.025893 0.036111
0 0.550446 0.123264 0.026339 0.075694
0 0.287723 0.047222 0.031250 0.058333
0 0.041741 0.090972 0.010714 0.033333
0 0.543750 0.162500 0.025000 0.045833
0 0.025000 0.438194 0.010714 0.033333
0 0.492969 0.122917 0.031027 0.048611
0 0.519643 0.071181 0.015179 0.029861
0 0.527567 0.194792 0.015848 0.013194
0 0.507478 0.213889 0.008705 0.045833
0 0.006696 0.090972 0.007143 0.033333
0 0.559040 0.227083 0.009152 0.022222
0 0.504576 0.094792 0.011384 0.025694
0 0.545759 0.281250 0.016071 0.012500
0 0.300893 0.110069 0.012500 0.046528
0 0.279241 0.064931 0.009375 0.036806
0 0.024777 0.164236 0.009375 0.020139
0 0.546652 0.246875 0.012500 0.010417
0 0.558705 0.517361 0.007143 0.019444
0 0.492188 0.090278 0.010268 0.026389
0 0.523438 0.099306 0.013393 0.013889
0 0.008147 0.151736 0.008705 0.015972
0 0.283371 0.104861 0.007366 0.023611
0 0.541741 0.205556 0.004911 0.018056
0 0.265290 0.031250 0.009152 0.026389
0 0.284487 0.133681 0.008705 0.015972
0 0.511384 0.173611 0.005357 0.025000
0 0.549442 0.304861 0.006473 0.030556
0 0.314174 0.092014 0.009152 0.032639
0 0.498214 0.157986 0.005804 0.018750
0 0.194420 0.026736 0.009375 0.015972
0 0.487500 0.171181 0.003571 0.025694
0 0.536830 0.960417 0.004018 0.012500
0 0.534598 0.106250 0.004018 0.012500
0 0.558929 0.047222 0.004018 0.012500
0 0.481696 0.062500 0.005357 0.034722
0 0.556250 0.252778 0.004911 0.018056
0 0.528571 0.648958 0.004911 0.013194
0 0.545201 0.195139 0.002902 0.015278
0 0.498549 0.238194 0.011384 0.008333
0 0.296094 0.072917 0.003348 0.022222
0 0.577902 0.697917 0.005357 0.012500
0 0.628795 0.025000 0.003571 0.008333
0 0.606473 0.025000 0.003571 0.008333
0 0.150893 0.045833 0.004911 0.009722
0 0.532031 0.046875 0.003348 0.010417
0 0.349554 0.961806 0.004018 0.012500
0 0.304129 0.067708 0.003348 0.017361
0 0.308594 0.023264 0.005134 0.010417
0 0.358817 0.961111 0.004241 0.015278
0 0.145201 0.349653 0.003795 0.014583
0 0.380246 0.954514 0.004241 0.014583
0 0.500446 0.298611 0.002232 0.013889
0 0.361272 0.954167 0.004241 0.015278
0 0.549665 0.214931 0.005134 0.007639
0 0.377232 0.960764 0.004018 0.014583
0 0.145089 0.305903 0.003571 0.014583
0 0.139732 0.046875 0.004911 0.014583
0 0.059933 0.988194 0.004687 0.009722
0 0.631362 0.738194 0.004687 0.009722
0 0.532031 0.078819 0.002902 0.031250
0 0.492857 0.070833 0.003571 0.012500
0 0.535603 0.033681 0.003348 0.010417
0 0.092969 0.981250 0.004241 0.006944
0 0.664397 0.731250 0.004241 0.006944
0 0.311496 0.058681 0.002455 0.015972
0 0.533929 0.128819 0.002232 0.009028
0 0.503348 0.072222 0.006250 0.005556
0 0.489509 0.263194 0.004464 0.005556
0 0.518080 0.213542 0.001339 0.015972
0 0.042299 0.028819 0.004241 0.010417
0 0.470201 0.129861 0.002009 0.018056
0 0.291406 0.096181 0.001563 0.014583
0 0.146987 0.046875 0.001563 0.011806
0 0.503906 0.181250 0.001563 0.011111
0 0.308929 0.156597 0.004018 0.006250
0 0.541071 0.315278 0.004018 0.004167
0 0.204576 0.068056 0.001563 0.012500
0 0.207143 0.059722 0.002232 0.011111
0 0.072991 0.990278 0.002232 0.009722
0 0.347545 0.950347 0.002232 0.010417
0 0.644420 0.740278 0.002232 0.009722
0 0.288616 0.154167 0.001339 0.016667
