0 0.548884 0.191319 0.029464 0.131250
0 0.041741 0.090972 0.010714 0.033333
0 0.025000 0.438194 0.010714 0.033333
0 0.545089 0.278819 0.020536 0.064583
0 0.006696 0.090972 0.007143 0.033333
0 0.024777 0.164236 0.009375 0.020139
0 0.557478 0.297917 0.011384 0.023611
0 0.558705 0.517361 0.007143 0.019444
0 0.170089 0.101736 0.012054 0.013194
0 0.008147 0.151736 0.008705 0.015972
0 0.433929 0.045486 0.013839 0.025694
0 0.559598 0.238542 0.008036 0.018750
0 0.532813 0.183333 0.004911 0.029167
0 0.425335 0.075347 0.009598 0.009028
0 0.317299 0.445139 0.008705 0.011111
0 0.555915 0.117014 0.003795 0.025694
0 0.536830 0.960417 0.004018 0.012500
0 0.534598 0.106250 0.004018 0.012500
0 0.558929 0.047222 0.004018 0.012500
0 0.528571 0.648958 0.004911 0.013194
0 0.434152 0.028125 0.008482 0.020139
0 0.562277 0.064583 0.002679 0.016667
0 0.558929 0.281597 0.003571 0.014583
0 0.160379 0.028819 0.003348 0.021528
0 0.577902 0.697917 0.005357 0.012500
0 0.628795 0.025000 0.003571 0.008333
0 0.606473 0.025000 0.003571 0.008333
0 0.150893 0.045833 0.004911 0.009722
0 0.434821 0.087847 0.003125 0.022917
0 0.532031 0.046875 0.003348 0.010417
0 0.349554 0.961806 0.004018 0.012500
0 0.358817 0.961111 0.004241 0.015278
0 0.432812 0.060417 0.006696 0.012500
0 0.533594 0.337153 0.002902 0.022917
0 0.136272 0.380556 0.002455 0.015278
0 0.561719 0.092361 0.003795 0.011111
0 0.380246 0.954514 0.004241 0.014583
0 0.542188 0.365625 0.002679 0.011806
0 0.361272 0.954167 0.004241 0.015278
0 0.145089 0.349653 0.003571 0.014583
0 0.145089 0.305903 0.003571 0.014583
0 0.377232 0.960764 0.004018 0.014583
0 0.541853 0.325347 0.002009 0.022917
0 0.139732 0.046875 0.004911 0.014583
0 0.059933 0.988194 0.004687 0.009722
0 0.631362 0.738194 0.004687 0.009722
0 0.532031 0.078819 0.002902 0.031250
0 0.482478 0.059028 0.003795 0.027778
0 0.423214 0.036111 0.003125 0.009722
0 0.541518 0.390278 0.002679 0.016667
0 0.535603 0.033681 0.003348 0.010417
0 0.092969 0.981250 0.004241 0.006944
0 0.664397 0.731250 0.004241 0.006944
0 0.537277 0.356944 0.003125 0.008333
0 0.042299 0.028819 0.004241 0.010417
0 0.165848 0.058681 0.001339 0.015972
0 0.552344 0.121181 0.002455 0.007639
0 0.305357 0.441667 0.002679 0.011111
0 0.146987 0.046875 0.001563 0.011806
0 0.072991 0.990278 0.002232 0.009722
0 0.347545 0.950347 0.002232 0.010417
0 0.644420 0.740278 0.002232 0.009722
