0 0.236161 0.086458 0.060268 0.110417
0 0.214732 0.136806 0.025893 0.076389
0 0.437723 0.498958 0.027232 0.035417
0 0.041741 0.090972 0.010714 0.033333
0 0.206696 0.052431 0.020089 0.049306
0 0.025000 0.438194 0.010714 0.033333
0 0.183147 0.138194 0.034152 0.054167
0 0.188170 0.037847 0.020089 0.039583
0 0.452121 0.039931 0.024330 0.043750
0 0.237723 0.132292 0.016071 0.031250
0 0.255915 0.167361 0.015848 0.045833
0 0.177679 0.097222 0.015625 0.041667
0 0.228683 0.172917 0.015848 0.013889
0 0.204353 0.214931 0.010491 0.045139
0 0.006696 0.090972 0.007143 0.033333
0 0.193415 0.099306 0.012277 0.022222
0 0.024777 0.164236 0.009375 0.020139
0 0.558705 0.517361 0.007143 0.019444
0 0.243973 0.236111 0.014286 0.012500
0 0.008147 0.151736 0.008705 0.015972
0 0.204241 0.035069 0.009375 0.013194
0 0.243080 0.206944 0.011161 0.015278
0 0.464286 0.074653 0.011161 0.009028
0 0.450781 0.080903 0.007366 0.022917
0 0.217188 0.029861 0.003571 0.023611
0 0.191741 0.166319 0.004911 0.021528
0 0.205915 0.169792 0.005134 0.025694
0 0.386161 0.425000 0.011607 0.008333
0 0.180915 0.189583 0.003348 0.026389
0 0.241071 0.030208 0.004464 0.024306
0 0.221540 0.046875 0.008705 0.009028
0 0.536830 0.960417 0.004018 0.012500
0 0.534598 0.106250 0.004018 0.012500
0 0.558929 0.047222 0.004018 0.012500
0 0.249107 0.256597 0.004464 0.029861
0 0.528571 0.648958 0.004911 0.013194
0 0.197321 0.243403 0.012500 0.009028
0 0.470424 0.034375 0.009152 0.007639
0 0.577902 0.697917 0.005357 0.012500
0 0.628795 0.025000 0.003571 0.008333
0 0.606473 0.025000 0.003571 0.008333
0 0.238839 0.161806 0.002679 0.013889
0 0.482143 0.062847 0.004464 0.035417
0 0.150893 0.045833 0.004911 0.009722
0 0.532031 0.046875 0.003348 0.010417
0 0.546317 0.122917 0.008705 0.006944
0 0.251228 0.203819 0.003348 0.017361
0 0.349554 0.961806 0.004018 0.012500
0 0.268638 0.096875 0.001563 0.024306
0 0.215290 0.200347 0.002009 0.017361
0 0.358817 0.961111 0.004241 0.015278
0 0.203460 0.301042 0.002009 0.014583
0 0.168750 0.065278 0.002679 0.012500
0 0.380246 0.954514 0.004241 0.014583
0 0.263058 0.218403 0.003795 0.017361
0 0.361272 0.954167 0.004241 0.015278
0 0.145089 0.305903 0.003571 0.014583
0 0.145089 0.349653 0.003571 0.014583
0 0.377232 0.960764 0.004018 0.014583
0 0.139732 0.046875 0.004911 0.014583
0 0.059933 0.988194 0.004687 0.009722
0 0.631362 0.738194 0.004687 0.009722
0 0.259375 0.087847 0.004911 0.006250
0 0.532031 0.078819 0.002902 0.031250
0 0.158929 0.162500 0.002232 0.019444
0 0.535603 0.033681 0.003348 0.010417
0 0.557924 0.111458 0.004241 0.007639
0 0.253906 0.088889 0.003795 0.006944
0 0.272098 0.105903 0.004018 0.006250
0 0.092969 0.981250 0.004241 0.006944
0 0.664397 0.731250 0.004241 0.006944
0 0.243415 0.176736 0.004241 0.006250
0 0.189955 0.277778 0.004911 0.006944
0 0.173772 0.057639 0.006473 0.004167
0 0.469978 0.128819 0.005134 0.004861
0 0.244308 0.020833 0.003795 0.005556
0 0.477790 0.061111 0.002902 0.016667
0 0.447545 0.132292 0.002232 0.017361
0 0.553013 0.115625 0.004687 0.004861
0 0.224554 0.110069 0.002232 0.007639
0 0.042299 0.028819 0.004241 0.010417
0 0.198996 0.183333 0.001563 0.011111
0 0.264844 0.028819 0.003348 0.007639
0 0.214397 0.215625 0.004241 0.007639
0 0.146987 0.046875 0.001563 0.011806
0 0.456696 0.057986 0.002679 0.007639
0 0.269196 0.138194 0.002232 0.012500
0 0.072991 0.990278 0.002232 0.009722
0 0.347545 0.950347 0.002232 0.010417
0 0.644420 0.740278 0.002232 0.009722
0 0.192188 0.077431 0.004464 0.006250
