0 0.495759 0.117014 0.056250 0.143750
0 0.469531 0.130903 0.012277 0.063194
0 0.168192 0.437847 0.022098 0.027083
0 0.041741 0.090972 0.010714 0.033333
0 0.489509 0.159375 0.023661 0.046528
0 0.025000 0.438194 0.010714 0.033333
0 0.470089 0.064236 0.016071 0.036806
0 0.508594 0.217708 0.016741 0.039583
0 0.447879 0.116667 0.026116 0.048611
0 0.282031 0.039583 0.013616 0.043056
0 0.456027 0.033333 0.016518 0.030556
0 0.475000 0.191319 0.015179 0.013194
0 0.445982 0.076389 0.010714 0.043056
0 0.006696 0.090972 0.007143 0.033333
0 0.460156 0.207986 0.006920 0.045139
0 0.452790 0.605208 0.013170 0.018750
0 0.457589 0.090278 0.009375 0.025000
0 0.024777 0.164236 0.009375 0.020139
0 0.493192 0.279167 0.013616 0.013889
0 0.558705 0.517361 0.007143 0.019444
0 0.008147 0.151736 0.008705 0.015972
0 0.494085 0.245139 0.010937 0.011111
0 0.275670 0.047569 0.008036 0.035417
0 0.292746 0.092014 0.009598 0.045139
0 0.469196 0.035417 0.007589 0.012500
0 0.294308 0.027431 0.007366 0.018750
0 0.514844 0.133681 0.010491 0.010417
0 0.489397 0.203472 0.004241 0.018056
0 0.496540 0.303472 0.005580 0.030556
0 0.463504 0.168750 0.004687 0.022222
0 0.536830 0.960417 0.004018 0.012500
0 0.534598 0.106250 0.004018 0.012500
0 0.558929 0.047222 0.004018 0.012500
0 0.280134 0.112847 0.007143 0.017361
0 0.279353 0.086111 0.005580 0.022222
0 0.452455 0.152083 0.004464 0.019444
0 0.528571 0.648958 0.004911 0.013194
0 0.443638 0.165625 0.002902 0.027083
0 0.526786 0.155208 0.003125 0.027083
0 0.501897 0.064583 0.004241 0.013889
0 0.502009 0.251736 0.004018 0.017361
0 0.577902 0.697917 0.005357 0.012500
0 0.296205 0.049653 0.004464 0.020139
0 0.492299 0.193056 0.002455 0.015278
0 0.628795 0.025000 0.003571 0.008333
0 0.606473 0.025000 0.003571 0.008333
0 0.513281 0.282292 0.004241 0.021528
0 0.150893 0.045833 0.004911 0.009722
0 0.470313 0.173958 0.004018 0.018750
0 0.532031 0.046875 0.003348 0.010417
0 0.443080 0.042014 0.007143 0.013194
0 0.349554 0.961806 0.004018 0.012500
0 0.529799 0.168403 0.004241 0.007639
0 0.301451 0.070486 0.003795 0.022917
0 0.358817 0.961111 0.004241 0.015278
0 0.289062 0.056597 0.002679 0.021528
0 0.380246 0.954514 0.004241 0.014583
0 0.361272 0.954167 0.004241 0.015278
0 0.145089 0.349653 0.003571 0.014583
0 0.145089 0.305903 0.003571 0.014583
0 0.377232 0.960764 0.004018 0.014583
0 0.139732 0.046875 0.004911 0.014583
0 0.474442 0.047569 0.003348 0.007639
0 0.059933 0.988194 0.004687 0.009722
0 0.631362 0.738194 0.004687 0.009722
0 0.532031 0.078819 0.002902 0.031250
0 0.266406 0.045486 0.005134 0.017361
0 0.496094 0.213542 0.004687 0.007639
0 0.535603 0.033681 0.003348 0.010417
0 0.455022 0.291667 0.001563 0.013889
0 0.092969 0.981250 0.004241 0.006944
0 0.664397 0.731250 0.004241 0.006944
0 0.450670 0.230556 0.004911 0.006944
0 0.524777 0.200694 0.003125 0.013889
0 0.496875 0.065625 0.003571 0.007639
0 0.521875 0.323958 0.001786 0.011806
0 0.042299 0.028819 0.004241 0.010417
0 0.272433 0.022917 0.002902 0.009722
0 0.221540 0.064236 0.004241 0.006250
0 0.482366 0.126389 0.001786 0.008333
0 0.456250 0.067708 0.005357 0.006250
0 0.146987 0.046875 0.001563 0.011806
0 0.506696 0.068056 0.003125 0.005556
0 0.445647 0.256250 0.003795 0.005556
0 0.456027 0.234028 0.004018 0.004167
0 0.072991 0.990278 0.002232 0.009722
0 0.347545 0.950347 0.002232 0.010417
0 0.644420 0.740278 0.002232 0.009722
