0 0.412723 0.134028 0.060714 0.131944
0 0.385491 0.145139 0.014732 0.063889
0 0.041741 0.090972 0.010714 0.033333
0 0.412835 0.037153 0.030580 0.038194
0 0.407254 0.173611 0.024777 0.047222
0 0.172098 0.054861 0.015179 0.073611
0 0.025000 0.438194 0.010714 0.033333
0 0.361496 0.134028 0.028795 0.050000
0 0.428571 0.229861 0.017857 0.041667
0 0.393527 0.207639 0.016071 0.013889
0 0.190067 0.057292 0.018527 0.043750
0 0.006696 0.090972 0.007143 0.033333
0 0.400558 0.661458 0.017188 0.011806
0 0.432924 0.040972 0.006473 0.045833
0 0.376674 0.226736 0.008259 0.046528
0 0.163839 0.077778 0.010268 0.038889
0 0.371205 0.105208 0.010714 0.025694
0 0.185268 0.124306 0.012500 0.048611
0 0.359933 0.097569 0.008705 0.034028
0 0.413058 0.294444 0.014955 0.012500
0 0.024777 0.164236 0.009375 0.020139
0 0.387612 0.087847 0.008259 0.014583
0 0.558705 0.517361 0.007143 0.019444
0 0.420871 0.048264 0.006920 0.027083
0 0.008147 0.151736 0.008705 0.015972
0 0.413393 0.259722 0.011161 0.009722
0 0.366741 0.055903 0.014286 0.010417
0 0.448326 0.165278 0.007366 0.030556
0 0.149330 0.045139 0.008036 0.015278
0 0.169085 0.119444 0.006920 0.025000
0 0.418304 0.066319 0.004464 0.028472
0 0.170759 0.148958 0.008482 0.017361
0 0.433259 0.143403 0.011161 0.010417
0 0.398772 0.069792 0.008259 0.011806
0 0.161049 0.026042 0.008705 0.015972
0 0.377009 0.023264 0.008036 0.010417
0 0.408036 0.217361 0.004464 0.018056
0 0.379464 0.185764 0.004911 0.024306
0 0.417522 0.318750 0.005580 0.031944
0 0.197098 0.104167 0.009375 0.031944
0 0.367299 0.169792 0.004687 0.020139
0 0.536830 0.960417 0.004018 0.012500
0 0.534598 0.106250 0.004018 0.012500
0 0.558929 0.047222 0.004018 0.012500
0 0.357924 0.184722 0.002902 0.027778
0 0.386942 0.190278 0.004687 0.020833
0 0.190179 0.029514 0.006250 0.022917
0 0.182254 0.027083 0.005580 0.018056
0 0.528571 0.648958 0.004911 0.013194
0 0.154799 0.076736 0.010937 0.018750
0 0.410826 0.206597 0.002902 0.015972
0 0.422098 0.264583 0.004464 0.016667
0 0.434598 0.294792 0.004911 0.021528
0 0.378683 0.062500 0.006473 0.008333
0 0.577902 0.697917 0.005357 0.012500
0 0.389955 0.642361 0.003125 0.015278
0 0.628795 0.025000 0.003571 0.008333
0 0.606473 0.025000 0.003571 0.008333
0 0.180022 0.086806 0.003795 0.025000
0 0.380246 0.084375 0.005134 0.007639
0 0.482143 0.062847 0.004464 0.035417
0 0.532031 0.046875 0.003348 0.010417
0 0.458594 0.048611 0.005580 0.015278
0 0.349554 0.961806 0.004018 0.012500
0 0.389062 0.059375 0.004018 0.007639
0 0.187277 0.080556 0.003571 0.018056
0 0.394420 0.056250 0.003125 0.011111
0 0.358817 0.961111 0.004241 0.015278
0 0.152232 0.028125 0.004911 0.017361
0 0.380246 0.954514 0.004241 0.014583
0 0.361272 0.954167 0.004241 0.015278
0 0.145089 0.305903 0.003571 0.014583
0 0.145089 0.349653 0.003571 0.014583
0 0.385603 0.022569 0.003795 0.009028
0 0.377232 0.960764 0.004018 0.014583
0 0.372768 0.313542 0.001786 0.014583
0 0.139732 0.046875 0.004911 0.014583
0 0.059933 0.988194 0.004687 0.009722
0 0.631362 0.738194 0.004687 0.009722
0 0.411719 0.646875 0.002009 0.014583
0 0.415179 0.227083 0.004911 0.006944
0 0.351897 0.058333 0.002009 0.015278
0 0.366741 0.250694 0.006250 0.006944
0 0.532031 0.078819 0.002902 0.031250
0 0.535603 0.033681 0.003348 0.010417
0 0.092969 0.981250 0.004241 0.006944
0 0.664397 0.731250 0.004241 0.006944
0 0.444866 0.081944 0.004018 0.006944
0 0.442076 0.022569 0.002455 0.007639
0 0.398884 0.139583 0.002232 0.008333
0 0.444978 0.210764 0.002902 0.014583
0 0.426004 0.040278 0.004687 0.004167
0 0.423326 0.077778 0.003348 0.005556
0 0.042299 0.028819 0.004241 0.010417
0 0.444308 0.335417 0.001563 0.011111
0 0.362054 0.277778 0.004018 0.005556
0 0.176004 0.110069 0.001563 0.014583
0 0.372991 0.253819 0.004018 0.004861
0 0.369754 0.082639 0.005580 0.004167
0 0.356473 0.052778 0.004464 0.004167
0 0.175223 0.170139 0.001339 0.016667
0 0.492076 0.060417 0.002009 0.012500
0 0.072991 0.990278 0.002232 0.009722
0 0.347545 0.950347 0.002232 0.010417
0 0.644420 0.740278 0.002232 0.009722
0 0.409933 0.329514 0.003795 0.004861
