0 0.511607 0.158333 0.068304 0.175000
0 0.151228 0.477778 0.026562 0.031944
0 0.041741 0.090972 0.010714 0.033333
0 0.025000 0.438194 0.010714 0.033333
0 0.545312 0.305208 0.018750 0.071528
0 0.492969 0.222569 0.014509 0.054861
0 0.509040 0.188194 0.012723 0.037500
0 0.516518 0.230556 0.017857 0.031944
0 0.554464 0.165625 0.012500 0.027083
0 0.537500 0.124653 0.009375 0.021528
0 0.006696 0.090972 0.007143 0.033333
0 0.507924 0.071875 0.006920 0.028472
0 0.024777 0.164236 0.009375 0.020139
0 0.558705 0.517361 0.007143 0.019444
0 0.008147 0.151736 0.008705 0.015972
0 0.558817 0.211111 0.009598 0.018056
0 0.554911 0.244097 0.004911 0.027083
0 0.547433 0.381250 0.004241 0.026389
0 0.545312 0.127431 0.005804 0.014583
0 0.540737 0.239931 0.005134 0.024306
0 0.499554 0.300694 0.006696 0.009722
0 0.292076 0.468056 0.010491 0.011111
0 0.503013 0.268750 0.006027 0.013889
0 0.536830 0.960417 0.004018 0.012500
0 0.534598 0.106250 0.004018 0.012500
0 0.558929 0.047222 0.004018 0.012500
0 0.540179 0.396181 0.003571 0.018750
0 0.481696 0.062500 0.005357 0.034722
0 0.559710 0.112500 0.007812 0.009722
0 0.528571 0.648958 0.004911 0.013194
0 0.336607 0.085764 0.004911 0.010417
0 0.497768 0.322222 0.003571 0.026389
0 0.336384 0.023264 0.007589 0.010417
0 0.561384 0.092361 0.004464 0.009722
0 0.577902 0.697917 0.005357 0.012500
0 0.526004 0.096528 0.006027 0.008333
0 0.485714 0.278125 0.003571 0.021528
0 0.628795 0.025000 0.003571 0.008333
0 0.606473 0.025000 0.003571 0.008333
0 0.554018 0.376042 0.006250 0.010417
0 0.150893 0.045833 0.004911 0.009722
0 0.496540 0.264583 0.003348 0.020833
0 0.532031 0.046875 0.003348 0.010417
0 0.349554 0.961806 0.004018 0.012500
0 0.517857 0.220139 0.004018 0.011111
0 0.557031 0.139931 0.007366 0.009028
0 0.530804 0.274653 0.002232 0.017361
0 0.358817 0.961111 0.004241 0.015278
0 0.335045 0.054861 0.005804 0.008333
0 0.145089 0.305903 0.003571 0.014583
0 0.380246 0.954514 0.004241 0.014583
0 0.361272 0.954167 0.004241 0.015278
0 0.145089 0.349653 0.003571 0.014583
0 0.377232 0.960764 0.004018 0.014583
0 0.548438 0.201736 0.004018 0.009028
0 0.139732 0.046875 0.004911 0.014583
0 0.059933 0.988194 0.004687 0.009722
0 0.631362 0.738194 0.004687 0.009722
0 0.532031 0.078819 0.002902 0.031250
0 0.535603 0.033681 0.003348 0.010417
0 0.532143 0.293403 0.003125 0.009028
0 0.491406 0.294792 0.004241 0.006250
0 0.092969 0.981250 0.004241 0.006944
0 0.664397 0.731250 0.004241 0.006944
0 0.523549 0.168056 0.002009 0.009722
0 0.280357 0.464236 0.002679 0.011806
0 0.503795 0.346528 0.003571 0.006944
0 0.504687 0.079514 0.003125 0.006250
0 0.315848 0.021875 0.003571 0.007639
0 0.042299 0.028819 0.004241 0.010417
0 0.547098 0.261806 0.001339 0.012500
0 0.493192 0.073264 0.002455 0.007639
0 0.504464 0.237500 0.003571 0.006944
0 0.492522 0.312847 0.003795 0.006250
0 0.146987 0.046875 0.001563 0.011806
0 0.538058 0.267361 0.002902 0.005556
0 0.560826 0.345833 0.002009 0.009722
0 0.072991 0.990278 0.002232 0.009722
0 0.347545 0.950347 0.002232 0.010417
0 0.644420 0.740278 0.002232 0.009722
