0 0.242188 0.101389 0.062500 0.115278
0 0.220089 0.154167 0.026786 0.079167
0 0.464732 0.555903 0.029911 0.040972
0 0.041741 0.090972 0.010714 0.033333
0 0.211719 0.076389 0.020759 0.031944
0 0.187277 0.156250 0.035714 0.056944
0 0.025000 0.438194 0.010714 0.033333
0 0.195089 0.045486 0.026339 0.054861
0 0.463839 0.044792 0.025446 0.053472
0 0.243862 0.148958 0.016741 0.032639
0 0.262388 0.185069 0.016295 0.047917
0 0.181696 0.113542 0.016071 0.043750
0 0.234375 0.190972 0.016518 0.015278
0 0.209040 0.235069 0.010491 0.045139
0 0.197656 0.115625 0.013170 0.022917
0 0.006696 0.090972 0.007143 0.033333
0 0.223214 0.036806 0.005804 0.037500
0 0.559152 0.122222 0.008929 0.026389
0 0.477344 0.068056 0.014063 0.045833
0 0.024777 0.164236 0.009375 0.020139
0 0.250112 0.256597 0.014509 0.013194
0 0.558705 0.517361 0.007143 0.019444
0 0.209152 0.048611 0.009821 0.013889
0 0.008147 0.151736 0.008705 0.015972
0 0.235826 0.023264 0.013616 0.010417
0 0.248996 0.226389 0.010937 0.016667
0 0.461496 0.092014 0.006920 0.024306
0 0.195871 0.185069 0.005134 0.022917
0 0.210714 0.188889 0.005357 0.027778
0 0.400112 0.455556 0.011830 0.009722
0 0.560045 0.100694 0.007143 0.012500
0 0.184821 0.209722 0.003571 0.027778
0 0.247210 0.043750 0.004687 0.023611
0 0.227232 0.061111 0.008929 0.008333
0 0.201786 0.265278 0.012946 0.009722
0 0.216518 0.050347 0.004464 0.018750
0 0.536830 0.960417 0.004018 0.012500
0 0.534598 0.106250 0.004018 0.012500
0 0.558929 0.047222 0.004018 0.012500
0 0.259598 0.025000 0.004464 0.013889
0 0.255246 0.277431 0.004687 0.031250
0 0.248996 0.027083 0.006920 0.018056
0 0.528571 0.648958 0.004911 0.013194
0 0.244754 0.179514 0.002902 0.014583
0 0.577902 0.697917 0.005357 0.012500
0 0.628795 0.025000 0.003571 0.008333
0 0.606473 0.025000 0.003571 0.008333
0 0.150893 0.045833 0.004911 0.009722
0 0.257478 0.223264 0.003795 0.018750
0 0.532031 0.046875 0.003348 0.010417
0 0.349554 0.961806 0.004018 0.012500
0 0.172210 0.080903 0.002902 0.013194
0 0.220424 0.220486 0.002009 0.017361
0 0.358817 0.961111 0.004241 0.015278
0 0.269643 0.238542 0.003571 0.018750
0 0.208036 0.324653 0.002232 0.014583
0 0.196875 0.067361 0.004911 0.006944
0 0.145201 0.349653 0.003795 0.014583
0 0.145089 0.305903 0.003571 0.014583
0 0.380246 0.954514 0.004241 0.014583
0 0.361272 0.954167 0.004241 0.015278
0 0.266183 0.102083 0.005134 0.006944
0 0.377232 0.960764 0.004018 0.014583
0 0.161830 0.181944 0.002232 0.020833
0 0.139732 0.046875 0.004911 0.014583
0 0.211049 0.021528 0.004241 0.006944
0 0.059933 0.988194 0.004687 0.009722
0 0.631362 0.738194 0.004687 0.009722
0 0.249665 0.194792 0.004687 0.006250
0 0.532031 0.078819 0.002902 0.031250
0 0.260714 0.103819 0.004018 0.007639
0 0.195312 0.092361 0.007143 0.006944
0 0.279241 0.120486 0.004018 0.006250
0 0.194085 0.301389 0.005134 0.006944
0 0.535603 0.033681 0.003348 0.010417
0 0.092969 0.981250 0.004241 0.006944
0 0.664397 0.731250 0.004241 0.006944
0 0.481585 0.140278 0.004687 0.004167
0 0.230134 0.126042 0.002232 0.009028
0 0.203683 0.202778 0.001563 0.012500
0 0.042299 0.028819 0.004241 0.010417
0 0.271987 0.041319 0.003348 0.007639
0 0.146987 0.046875 0.001563 0.011806
0 0.252121 0.050347 0.003348 0.004861
0 0.276451 0.153819 0.002009 0.013194
0 0.072991 0.990278 0.002232 0.009722
0 0.347545 0.950347 0.002232 0.010417
0 0.644420 0.740278 0.002232 0.009722
