0 0.493750 0.123958 0.060714 0.157639
0 0.191741 0.444792 0.026339 0.029861
0 0.041741 0.090972 0.010714 0.033333
0 0.513616 0.079861 0.025446 0.037500
0 0.025000 0.438194 0.010714 0.033333
0 0.545759 0.175000 0.024554 0.045833
0 0.524777 0.251042 0.017857 0.067361
0 0.472768 0.185069 0.014286 0.049306
0 0.488951 0.151389 0.013616 0.034722
0 0.497098 0.195139 0.014732 0.015278
0 0.006696 0.090972 0.007143 0.033333
0 0.530804 0.124306 0.008929 0.025000
0 0.544754 0.132986 0.009598 0.029861
0 0.024777 0.164236 0.009375 0.020139
0 0.558705 0.517361 0.007143 0.019444
0 0.008147 0.151736 0.008705 0.015972
0 0.542746 0.224653 0.005134 0.031250
0 0.533371 0.196181 0.004687 0.024306
0 0.519754 0.196875 0.005134 0.027083
0 0.459821 0.109722 0.005804 0.025000
0 0.527344 0.322569 0.003795 0.024306
0 0.470424 0.041319 0.012277 0.014583
0 0.297098 0.059028 0.008929 0.011111
0 0.483817 0.226736 0.007812 0.014583
0 0.479799 0.256597 0.006473 0.009028
0 0.536830 0.960417 0.004018 0.012500
0 0.534598 0.106250 0.004018 0.012500
0 0.558929 0.047222 0.004018 0.012500
0 0.286830 0.025347 0.005357 0.014583
0 0.292187 0.438889 0.010268 0.008333
0 0.528571 0.648958 0.004911 0.013194
0 0.552679 0.253125 0.006250 0.025694
0 0.520201 0.337500 0.003348 0.016667
0 0.577902 0.697917 0.005357 0.012500
0 0.628795 0.025000 0.003571 0.008333
0 0.606473 0.025000 0.003571 0.008333
0 0.150893 0.045833 0.004911 0.009722
0 0.465848 0.237500 0.004018 0.019444
0 0.478125 0.276042 0.003571 0.024306
0 0.476674 0.222569 0.003348 0.017361
0 0.532031 0.046875 0.003348 0.010417
0 0.488728 0.182639 0.002455 0.013889
0 0.349554 0.961806 0.004018 0.012500
0 0.533594 0.316667 0.006027 0.008333
0 0.358817 0.961111 0.004241 0.015278
0 0.293304 0.021181 0.006250 0.006250
0 0.380246 0.954514 0.004241 0.014583
0 0.361272 0.954167 0.004241 0.015278
0 0.145089 0.349653 0.003571 0.014583
0 0.145089 0.305903 0.003571 0.014583
0 0.515625 0.061806 0.004018 0.006944
0 0.377232 0.960764 0.004018 0.014583
0 0.304353 0.023264 0.006027 0.010417
0 0.139732 0.046875 0.004911 0.014583
0 0.510379 0.227431 0.002009 0.015972
0 0.059933 0.988194 0.004687 0.009722
0 0.631362 0.738194 0.004687 0.009722
0 0.527009 0.158333 0.004018 0.008333
0 0.532031 0.078819 0.002902 0.031250
0 0.535603 0.033681 0.003348 0.010417
0 0.497768 0.179514 0.003125 0.009028
0 0.092969 0.981250 0.004241 0.006944
0 0.664397 0.731250 0.004241 0.006944
0 0.511719 0.244444 0.003348 0.008333
0 0.471763 0.252083 0.004241 0.005556
0 0.484710 0.196875 0.004241 0.006250
0 0.281585 0.432292 0.002009 0.010417
0 0.484487 0.298264 0.003795 0.006250
0 0.502567 0.130556 0.002009 0.008333
0 0.042299 0.028819 0.004241 0.010417
0 0.462388 0.077778 0.003795 0.005556
0 0.307143 0.072222 0.001786 0.011111
0 0.146987 0.046875 0.001563 0.011806
0 0.526116 0.213194 0.001339 0.011111
0 0.072991 0.990278 0.002232 0.009722
0 0.347545 0.950347 0.002232 0.010417
0 0.644420 0.740278 0.002232 0.009722
0 0.472991 0.268750 0.003571 0.005556
