0 0.441183 0.116319 0.058705 0.125694
0 0.414844 0.126736 0.014509 0.061806
0 0.041741 0.090972 0.010714 0.033333
0 0.435714 0.153819 0.023661 0.045139
0 0.025000 0.438194 0.010714 0.033333
0 0.142857 0.501736 0.015625 0.031250
0 0.414174 0.061111 0.017634 0.036111
0 0.206696 0.046875 0.017411 0.057639
0 0.391518 0.116319 0.027679 0.047917
0 0.455692 0.207639 0.017188 0.040278
0 0.388839 0.076389 0.011161 0.041667
0 0.422098 0.186111 0.015179 0.012500
0 0.006696 0.090972 0.007143 0.033333
0 0.225446 0.046875 0.017857 0.034028
0 0.447991 0.043056 0.006696 0.044444
0 0.405246 0.204861 0.007366 0.044444
0 0.400781 0.024653 0.013170 0.013194
0 0.220201 0.107292 0.011830 0.046528
0 0.199888 0.061458 0.009598 0.035417
0 0.425112 0.032639 0.005580 0.029167
0 0.440625 0.270139 0.014286 0.012500
0 0.024777 0.164236 0.009375 0.020139
0 0.558705 0.517361 0.007143 0.019444
0 0.437388 0.023611 0.013170 0.011111
0 0.008147 0.151736 0.008705 0.015972
0 0.441295 0.236458 0.011607 0.009028
0 0.401897 0.089583 0.008259 0.022222
0 0.460156 0.033333 0.004241 0.030556
0 0.412500 0.032986 0.008036 0.011806
0 0.434710 0.603472 0.012723 0.012500
0 0.204353 0.102778 0.006473 0.023611
0 0.205804 0.131250 0.008036 0.016667
0 0.427679 0.055208 0.008036 0.010417
0 0.435937 0.196181 0.004464 0.017361
0 0.444531 0.293750 0.005580 0.030556
0 0.186384 0.030556 0.007589 0.025000
0 0.408482 0.164931 0.004911 0.021528
0 0.421317 0.594792 0.005134 0.020139
0 0.396652 0.150347 0.004911 0.018750
0 0.536830 0.960417 0.004018 0.012500
0 0.534598 0.106250 0.004018 0.012500
0 0.558929 0.047222 0.004018 0.012500
0 0.231920 0.087500 0.008929 0.029167
0 0.415625 0.170139 0.004464 0.019444
0 0.528571 0.648958 0.004911 0.013194
0 0.387612 0.163889 0.002902 0.025000
0 0.398214 0.229167 0.010714 0.008333
0 0.194531 0.035764 0.005580 0.014583
0 0.577902 0.697917 0.005357 0.012500
0 0.438728 0.185764 0.002902 0.014583
0 0.449330 0.241319 0.004018 0.015972
0 0.628795 0.025000 0.003571 0.008333
0 0.606473 0.025000 0.003571 0.008333
0 0.461607 0.270139 0.004464 0.020833
0 0.150893 0.045833 0.004911 0.009722
0 0.532031 0.046875 0.003348 0.010417
0 0.215290 0.070139 0.003348 0.022222
0 0.473214 0.144444 0.002679 0.026389
0 0.189509 0.061458 0.007589 0.017361
0 0.482143 0.062847 0.004464 0.035417
0 0.349554 0.961806 0.004018 0.012500
0 0.463504 0.127083 0.005580 0.005556
0 0.418527 0.044444 0.004018 0.006944
0 0.358817 0.961111 0.004241 0.015278
0 0.476674 0.156944 0.004687 0.006944
0 0.226004 0.022569 0.005134 0.009028
0 0.222433 0.065625 0.003348 0.017361
0 0.380246 0.954514 0.004241 0.014583
0 0.361272 0.954167 0.004241 0.015278
0 0.145089 0.305903 0.003571 0.014583
0 0.457813 0.123611 0.004464 0.006944
0 0.139732 0.047222 0.004911 0.015278
0 0.377232 0.960764 0.004018 0.014583
0 0.145089 0.349653 0.003571 0.014583
0 0.402344 0.045486 0.002902 0.011806
0 0.059933 0.988194 0.004687 0.009722
0 0.631362 0.738194 0.004687 0.009722
0 0.532031 0.078819 0.002902 0.031250
0 0.442857 0.205208 0.004464 0.007639
0 0.450893 0.042361 0.003571 0.008333
0 0.401228 0.288889 0.001563 0.013889
0 0.535603 0.033681 0.003348 0.010417
0 0.092969 0.981250 0.004241 0.006944
0 0.664397 0.731250 0.004241 0.006944
0 0.471875 0.189236 0.002679 0.014583
0 0.397656 0.079167 0.003348 0.006944
0 0.427567 0.121528 0.002009 0.008333
0 0.042299 0.028819 0.004241 0.010417
0 0.399442 0.065972 0.005580 0.005556
0 0.470424 0.309028 0.001563 0.011111
0 0.454353 0.026389 0.004687 0.004167
0 0.219085 0.020486 0.003348 0.004861
0 0.146987 0.046875 0.001563 0.011806
0 0.390960 0.254167 0.003795 0.005556
0 0.451562 0.062153 0.003125 0.004861
0 0.136830 0.086806 0.003571 0.005556
0 0.072991 0.990278 0.002232 0.009722
0 0.347545 0.950347 0.002232 0.010417
0 0.644420 0.740278 0.002232 0.009722
0 0.371429 0.123611 0.001786 0.016667
0 0.211384 0.093750 0.001339 0.013889
