0 0.551451 0.153125 0.024330 0.107639
0 0.201339 0.114931 0.016071 0.092361
0 0.041741 0.090972 0.010714 0.033333
0 0.025000 0.438194 0.010714 0.033333
0 0.201674 0.166319 0.018527 0.070139
0 0.199107 0.037847 0.011161 0.039583
0 0.006696 0.090972 0.007143 0.033333
0 0.556585 0.236458 0.007812 0.038194
0 0.024777 0.164236 0.009375 0.020139
0 0.558705 0.517361 0.007143 0.019444
0 0.008147 0.151736 0.008705 0.015972
0 0.532813 0.135069 0.010268 0.018750
0 0.471317 0.045486 0.005580 0.021528
0 0.217634 0.207986 0.007589 0.007639
0 0.206473 0.118056 0.005804 0.020833
0 0.200223 0.246528 0.004464 0.015278
0 0.534375 0.203819 0.008482 0.007639
0 0.536830 0.960417 0.004018 0.012500
0 0.534598 0.106250 0.004018 0.012500
0 0.558929 0.047222 0.004018 0.012500
0 0.528571 0.648958 0.004911 0.013194
0 0.541741 0.203819 0.006696 0.007639
0 0.548103 0.296875 0.005580 0.014583
0 0.208929 0.051042 0.005357 0.018750
0 0.251116 0.048958 0.003125 0.018750
0 0.577902 0.697917 0.005357 0.012500
0 0.207143 0.027083 0.003571 0.013889
0 0.548884 0.217014 0.003125 0.024306
0 0.210491 0.207986 0.006696 0.007639
0 0.628795 0.025000 0.003571 0.008333
0 0.606473 0.025000 0.003571 0.008333
0 0.549219 0.262500 0.004687 0.009722
0 0.150893 0.045833 0.004911 0.009722
0 0.482143 0.062847 0.004464 0.035417
0 0.532031 0.046875 0.003348 0.010417
0 0.349554 0.961806 0.004018 0.012500
0 0.358817 0.961111 0.004241 0.015278
0 0.145201 0.349653 0.003795 0.014583
0 0.380246 0.954514 0.004241 0.014583
0 0.361272 0.954167 0.004241 0.015278
0 0.145089 0.305903 0.003571 0.014583
0 0.377232 0.960764 0.004018 0.014583
0 0.139732 0.046875 0.004911 0.014583
0 0.059933 0.988194 0.004687 0.009722
0 0.631362 0.738194 0.004687 0.009722
0 0.215402 0.136806 0.004911 0.012500
0 0.532031 0.078819 0.002902 0.031250
0 0.193750 0.094792 0.004464 0.009028
0 0.212388 0.061458 0.005580 0.011806
0 0.535603 0.033681 0.003348 0.010417
0 0.205692 0.302431 0.003795 0.015972
0 0.092969 0.981250 0.004241 0.006944
0 0.664397 0.731250 0.004241 0.006944
0 0.199107 0.205556 0.003571 0.009722
0 0.204799 0.267014 0.002902 0.007639
0 0.536161 0.118056 0.004464 0.008333
0 0.213839 0.083333 0.002679 0.015278
0 0.205246 0.064236 0.002455 0.013194
0 0.042299 0.028819 0.004241 0.010417
0 0.204799 0.225694 0.002009 0.016667
0 0.197879 0.067014 0.002009 0.010417
0 0.146987 0.046875 0.001563 0.011806
0 0.209263 0.123264 0.001563 0.009028
0 0.203571 0.046528 0.001339 0.012500
0 0.492076 0.060417 0.002009 0.012500
0 0.072991 0.990278 0.002232 0.009722
0 0.347545 0.950347 0.002232 0.010417
0 0.644420 0.740278 0.002232 0.009722
