0 0.041741 0.090972 0.010714 0.033333
0 0.025000 0.438194 0.010714 0.033333
0 0.465402 0.075347 0.012054 0.046528
0 0.006696 0.090972 0.007143 0.033333
0 0.162054 0.097569 0.008482 0.039583
0 0.170536 0.126389 0.012946 0.018056
0 0.024777 0.164236 0.009375 0.020139
0 0.162388 0.029514 0.006920 0.022917
0 0.558705 0.517361 0.007143 0.019444
0 0.008147 0.151736 0.008705 0.015972
0 0.455134 0.107292 0.005804 0.017361
0 0.467634 0.036806 0.006696 0.020833
0 0.461049 0.025000 0.005580 0.013889
0 0.149777 0.046875 0.007143 0.011806
0 0.153571 0.113889 0.007143 0.027778
0 0.536830 0.960417 0.004018 0.012500
0 0.534598 0.106250 0.004018 0.012500
0 0.558929 0.047222 0.004018 0.012500
0 0.155804 0.029167 0.004018 0.020833
0 0.477232 0.096181 0.007143 0.020139
0 0.528571 0.648958 0.004911 0.013194
0 0.262723 0.381597 0.009821 0.006250
0 0.470424 0.023958 0.004241 0.011806
0 0.577902 0.697917 0.005357 0.012500
0 0.628795 0.025000 0.003571 0.008333
0 0.606473 0.025000 0.003571 0.008333
0 0.532031 0.046875 0.003348 0.010417
0 0.349554 0.961806 0.004018 0.012500
0 0.462500 0.043056 0.004464 0.012500
0 0.482143 0.062847 0.004464 0.035417
0 0.461049 0.111806 0.005134 0.006944
0 0.358817 0.961111 0.004241 0.015278
0 0.380246 0.954514 0.004241 0.014583
0 0.158036 0.075694 0.003125 0.012500
0 0.361272 0.954167 0.004241 0.015278
0 0.145089 0.349653 0.003571 0.014583
0 0.145089 0.305903 0.003571 0.014583
0 0.377232 0.960764 0.004018 0.014583
0 0.477455 0.069097 0.003125 0.017361
0 0.163393 0.059375 0.003571 0.013194
0 0.139732 0.046875 0.004911 0.014583
0 0.059933 0.988194 0.004687 0.009722
0 0.631362 0.738194 0.004687 0.009722
0 0.532031 0.078819 0.002902 0.031250
0 0.150335 0.060417 0.003348 0.009722
0 0.158705 0.056597 0.003571 0.013194
0 0.456138 0.053819 0.003348 0.011806
0 0.535603 0.033681 0.003348 0.010417
0 0.457254 0.031597 0.004687 0.015972
0 0.092969 0.981250 0.004241 0.006944
0 0.664397 0.731250 0.004241 0.006944
0 0.468750 0.168750 0.001786 0.023611
0 0.168415 0.069444 0.003348 0.011111
0 0.469308 0.144444 0.002902 0.019444
0 0.151339 0.030556 0.003571 0.009722
0 0.042299 0.028819 0.004241 0.010417
0 0.465960 0.021875 0.003348 0.007639
0 0.253571 0.374653 0.001786 0.009028
0 0.072991 0.990278 0.002232 0.009722
0 0.347545 0.950347 0.002232 0.010417
0 0.644420 0.740278 0.002232 0.009722
0 0.154129 0.066667 0.002902 0.005556
