0 0.228571 0.118403 0.065625 0.128472
0 0.546763 0.459028 0.026116 0.031944
0 0.041741 0.090972 0.010714 0.033333
0 0.234040 0.155556 0.022098 0.045833
0 0.254576 0.061111 0.017188 0.036111
0 0.025000 0.438194 0.010714 0.033333
0 0.451228 0.039931 0.019420 0.043750
0 0.215179 0.211458 0.016518 0.039583
0 0.218973 0.045139 0.012054 0.044444
0 0.279799 0.065278 0.012277 0.061111
0 0.269308 0.031944 0.016741 0.027778
0 0.268527 0.207639 0.016071 0.051389
0 0.280357 0.114583 0.019643 0.048611
0 0.006696 0.090972 0.007143 0.033333
0 0.248772 0.186458 0.013616 0.011806
0 0.231362 0.024306 0.013616 0.012500
0 0.024777 0.164236 0.009375 0.020139
0 0.558705 0.517361 0.007143 0.019444
0 0.244085 0.032986 0.005580 0.029861
0 0.008147 0.151736 0.008705 0.015972
0 0.266629 0.088889 0.008259 0.022222
0 0.230246 0.238889 0.010491 0.009722
0 0.256027 0.032639 0.008036 0.012500
0 0.451451 0.086806 0.006027 0.031944
0 0.427344 0.037847 0.007366 0.034028
0 0.453237 0.063542 0.004687 0.013194
0 0.227344 0.273264 0.007812 0.013194
0 0.281362 0.163889 0.003795 0.027778
0 0.234263 0.198611 0.004241 0.018056
0 0.450335 0.116319 0.007812 0.020139
0 0.210045 0.036458 0.003125 0.028472
0 0.241406 0.055556 0.007812 0.011111
0 0.439397 0.091667 0.004241 0.031944
0 0.536830 0.960417 0.004018 0.012500
0 0.534598 0.106250 0.004018 0.012500
0 0.558929 0.047222 0.004018 0.012500
0 0.260826 0.164236 0.004687 0.021528
0 0.210156 0.274653 0.005580 0.021528
0 0.272098 0.149306 0.004464 0.018056
0 0.528571 0.648958 0.004911 0.013194
0 0.273214 0.266667 0.002679 0.022222
0 0.221540 0.244792 0.004241 0.017361
0 0.455022 0.045833 0.006920 0.018056
0 0.278013 0.647222 0.002902 0.018056
0 0.250223 0.039236 0.004018 0.017361
0 0.226228 0.292708 0.004241 0.022917
0 0.577902 0.697917 0.005357 0.012500
0 0.436942 0.030903 0.007812 0.009028
0 0.628795 0.025000 0.003571 0.008333
0 0.606473 0.025000 0.003571 0.008333
0 0.463616 0.050347 0.008929 0.017361
0 0.150893 0.045833 0.004911 0.009722
0 0.252902 0.169792 0.002679 0.018750
0 0.532031 0.046875 0.003348 0.010417
0 0.231808 0.187847 0.002455 0.014583
0 0.349554 0.961806 0.004018 0.012500
0 0.428571 0.074306 0.003571 0.022222
0 0.184487 0.037847 0.004687 0.014583
0 0.194420 0.161111 0.004464 0.006944
0 0.268750 0.288194 0.002232 0.015278
0 0.358817 0.961111 0.004241 0.015278
0 0.482143 0.062500 0.004464 0.034722
0 0.380246 0.954514 0.004241 0.014583
0 0.361272 0.954167 0.004241 0.015278
0 0.145089 0.349653 0.003571 0.014583
0 0.145089 0.305903 0.003571 0.014583
0 0.441295 0.059375 0.002679 0.018750
0 0.513170 0.070833 0.005804 0.008333
0 0.377232 0.960764 0.004018 0.014583
0 0.139732 0.046875 0.004911 0.014583
0 0.059933 0.988194 0.004687 0.009722
0 0.631362 0.738194 0.004687 0.009722
0 0.434710 0.055208 0.002902 0.017361
0 0.217746 0.280903 0.004687 0.007639
0 0.532031 0.078819 0.002902 0.031250
0 0.289062 0.175347 0.004911 0.013194
0 0.535603 0.033681 0.003348 0.010417
0 0.092969 0.981250 0.004241 0.006944
0 0.664397 0.731250 0.004241 0.006944
0 0.196094 0.114583 0.004241 0.005556
0 0.228237 0.206944 0.004241 0.006944
0 0.433594 0.147569 0.001563 0.017361
0 0.233929 0.306250 0.004018 0.005556
0 0.199219 0.193750 0.002902 0.015278
0 0.268638 0.065625 0.005580 0.006250
0 0.278237 0.253125 0.004687 0.006250
0 0.218192 0.064236 0.003348 0.006250
0 0.042299 0.028819 0.004241 0.010417
0 0.265290 0.122569 0.003348 0.006250
0 0.220201 0.296181 0.004241 0.004861
0 0.242076 0.122222 0.002009 0.008333
0 0.430022 0.141667 0.004241 0.005556
0 0.280915 0.036806 0.004687 0.005556
0 0.146987 0.046875 0.001563 0.011806
0 0.189509 0.120833 0.003571 0.005556
0 0.270536 0.078472 0.003125 0.006944
0 0.192188 0.275347 0.001786 0.009028
0 0.072991 0.990278 0.002232 0.009722
0 0.347545 0.950347 0.002232 0.010417
0 0.644420 0.740278 0.002232 0.009722
0 0.235714 0.268403 0.002679 0.006250
