0 0.367969 0.118750 0.063170 0.076389
0 0.211384 0.610417 0.030804 0.041667
0 0.341741 0.130903 0.019643 0.079861
0 0.041741 0.090972 0.010714 0.033333
0 0.364955 0.141667 0.022321 0.043056
0 0.025000 0.438194 0.010714 0.033333
0 0.313839 0.118750 0.031696 0.045833
0 0.385937 0.186806 0.017857 0.041667
0 0.351674 0.175694 0.013170 0.011111
0 0.006696 0.090972 0.007143 0.033333
0 0.331138 0.201042 0.008705 0.043750
0 0.322768 0.023264 0.014732 0.010417
0 0.340625 0.058681 0.007143 0.015972
0 0.370647 0.249306 0.015402 0.009722
0 0.024777 0.164236 0.009375 0.020139
0 0.558705 0.517361 0.007143 0.019444
0 0.008147 0.151736 0.008705 0.015972
0 0.370647 0.218403 0.011830 0.010417
0 0.325335 0.089236 0.009152 0.017361
0 0.309598 0.061806 0.012500 0.009722
0 0.311496 0.088889 0.009152 0.016667
0 0.361496 0.058681 0.004687 0.015972
0 0.333705 0.058681 0.005357 0.015972
0 0.334040 0.160417 0.005134 0.023611
0 0.364621 0.181250 0.004687 0.016667
0 0.320424 0.148958 0.005134 0.018750
0 0.375558 0.271875 0.005580 0.029861
0 0.310156 0.165278 0.003348 0.025000
0 0.536830 0.960417 0.004018 0.012500
0 0.534598 0.106250 0.004018 0.012500
0 0.558929 0.047222 0.004018 0.012500
0 0.393527 0.073611 0.005804 0.012500
0 0.401786 0.039236 0.002679 0.027083
0 0.528571 0.648958 0.004911 0.013194
0 0.379576 0.220833 0.004241 0.018056
0 0.402790 0.120833 0.002455 0.025000
0 0.367522 0.170486 0.002902 0.014583
0 0.577902 0.697917 0.005357 0.012500
0 0.335491 0.025694 0.007589 0.005556
0 0.628795 0.025000 0.003571 0.008333
0 0.606473 0.025000 0.003571 0.008333
0 0.150893 0.045833 0.004911 0.009722
0 0.532031 0.046875 0.003348 0.010417
0 0.482143 0.062847 0.004464 0.035417
0 0.349554 0.961806 0.004018 0.012500
0 0.392411 0.243750 0.003571 0.019444
0 0.387054 0.023264 0.003571 0.010417
0 0.392522 0.106944 0.005580 0.005556
0 0.358817 0.961111 0.004241 0.015278
0 0.349442 0.023264 0.003348 0.010417
0 0.342411 0.195486 0.002232 0.015972
0 0.380246 0.954514 0.004241 0.014583
0 0.361272 0.954167 0.004241 0.015278
0 0.145089 0.305903 0.003571 0.014583
0 0.406362 0.131944 0.004687 0.005556
0 0.385937 0.058681 0.002232 0.015972
0 0.328013 0.284028 0.002009 0.013889
0 0.377232 0.960764 0.004018 0.014583
0 0.145089 0.349653 0.003571 0.014583
0 0.139732 0.046875 0.004911 0.014583
0 0.386607 0.105208 0.004911 0.006250
0 0.059933 0.988194 0.004687 0.009722
0 0.631362 0.738194 0.004687 0.009722
0 0.372098 0.188194 0.004911 0.006944
0 0.532031 0.078819 0.002902 0.031250
0 0.535603 0.033681 0.003348 0.010417
0 0.092969 0.981250 0.004241 0.006944
0 0.664397 0.731250 0.004241 0.006944
0 0.322210 0.064236 0.006473 0.004861
0 0.354241 0.111111 0.002232 0.008333
0 0.290737 0.129514 0.002009 0.017361
0 0.402121 0.163889 0.002455 0.013889
0 0.042299 0.028819 0.004241 0.010417
0 0.374442 0.023264 0.002009 0.010417
0 0.315848 0.253819 0.004464 0.004861
0 0.146987 0.046875 0.001563 0.011806
0 0.402567 0.276389 0.001563 0.009722
0 0.326897 0.169444 0.001563 0.011111
0 0.492076 0.060417 0.002009 0.012500
0 0.072991 0.990278 0.002232 0.009722
0 0.347545 0.950347 0.002232 0.010417
0 0.644420 0.740278 0.002232 0.009722
