0 0.292522 0.064583 0.041295 0.093056
0 0.280022 0.113194 0.022545 0.072222
0 0.041741 0.090972 0.010714 0.033333
0 0.025000 0.438194 0.010714 0.033333
0 0.272656 0.040625 0.014955 0.029861
0 0.254576 0.119097 0.025670 0.054861
0 0.290402 0.138542 0.014286 0.025694
0 0.251004 0.079861 0.011384 0.041667
0 0.307701 0.135417 0.011384 0.045833
0 0.006696 0.090972 0.007143 0.033333
0 0.296540 0.103472 0.007812 0.030556
0 0.269978 0.189931 0.007366 0.042361
0 0.257589 0.029514 0.012500 0.022917
0 0.024777 0.164236 0.009375 0.020139
0 0.558705 0.517361 0.007143 0.019444
0 0.008147 0.151736 0.008705 0.015972
0 0.263504 0.079861 0.006920 0.020833
0 0.292076 0.470833 0.006920 0.015278
0 0.300335 0.203125 0.006920 0.011806
0 0.536830 0.960417 0.004018 0.012500
0 0.534598 0.106250 0.004018 0.012500
0 0.558929 0.047222 0.004018 0.012500
0 0.308594 0.023264 0.007366 0.010417
0 0.260714 0.145139 0.003571 0.022222
0 0.528571 0.648958 0.004911 0.013194
0 0.271317 0.146528 0.003795 0.023611
0 0.252679 0.169792 0.002679 0.025694
0 0.305580 0.468056 0.004911 0.013889
0 0.283705 0.024306 0.006250 0.008333
0 0.577902 0.697917 0.005357 0.012500
0 0.628795 0.025000 0.003571 0.008333
0 0.606473 0.025000 0.003571 0.008333
0 0.150893 0.045833 0.004911 0.009722
0 0.532031 0.046875 0.003348 0.010417
0 0.349554 0.961806 0.004018 0.012500
0 0.439509 0.027431 0.004018 0.018750
0 0.358817 0.961111 0.004241 0.015278
0 0.264621 0.220139 0.008705 0.009722
0 0.300112 0.171528 0.004241 0.008333
0 0.302344 0.225347 0.003348 0.024306
0 0.380246 0.954514 0.004241 0.014583
0 0.145089 0.349306 0.003571 0.015278
0 0.361272 0.954167 0.004241 0.015278
0 0.145089 0.305903 0.003571 0.014583
0 0.377232 0.960764 0.004018 0.014583
0 0.139732 0.046875 0.004911 0.014583
0 0.059933 0.988194 0.004687 0.009722
0 0.631362 0.738194 0.004687 0.009722
0 0.482478 0.059028 0.003795 0.027778
0 0.532031 0.078819 0.002902 0.031250
0 0.535603 0.033681 0.003348 0.010417
0 0.304241 0.170486 0.002679 0.014583
0 0.092969 0.981250 0.004241 0.006944
0 0.664397 0.731250 0.004241 0.006944
0 0.244085 0.049306 0.002009 0.012500
0 0.276116 0.021181 0.003125 0.006250
0 0.278013 0.173958 0.001563 0.015972
0 0.268638 0.275000 0.001563 0.013889
0 0.289397 0.127431 0.003348 0.007639
0 0.259487 0.072222 0.003348 0.006944
0 0.042299 0.028819 0.004241 0.010417
0 0.310714 0.057986 0.003571 0.006250
0 0.146987 0.046875 0.001563 0.011806
0 0.260826 0.058333 0.005134 0.005556
0 0.248103 0.040972 0.004687 0.004167
0 0.258817 0.255556 0.003795 0.006944
0 0.236049 0.148958 0.001563 0.015972
0 0.072991 0.990278 0.002232 0.009722
0 0.347545 0.950347 0.002232 0.010417
0 0.644420 0.740278 0.002232 0.009722
