0 0.430580 0.510417 0.024554 0.030556
0 0.360603 0.111458 0.018080 0.061806
0 0.041741 0.090972 0.010714 0.033333
0 0.025000 0.438194 0.010714 0.033333
0 0.339621 0.114236 0.019420 0.042361
0 0.316295 0.103472 0.025446 0.047222
0 0.320312 0.153819 0.016518 0.039583
0 0.357143 0.058681 0.024107 0.015972
0 0.376339 0.174653 0.018304 0.047917
0 0.392746 0.095486 0.022545 0.043750
0 0.336272 0.058681 0.013170 0.015972
0 0.006696 0.090972 0.007143 0.033333
0 0.324665 0.058681 0.008705 0.015972
0 0.024777 0.164236 0.009375 0.020139
0 0.352232 0.145139 0.011161 0.008333
0 0.558705 0.517361 0.007143 0.019444
0 0.008147 0.151736 0.008705 0.015972
0 0.340737 0.024653 0.011384 0.007639
0 0.312946 0.023611 0.015625 0.009722
0 0.334933 0.184722 0.010937 0.011111
0 0.392522 0.140278 0.004241 0.026389
0 0.330804 0.213194 0.007143 0.009722
0 0.340179 0.150694 0.004464 0.015278
0 0.351339 0.024653 0.008482 0.007639
0 0.369531 0.131250 0.005134 0.020833
0 0.382478 0.122917 0.004687 0.018056
0 0.536830 0.960417 0.004018 0.012500
0 0.534598 0.106250 0.004018 0.012500
0 0.558929 0.047222 0.004018 0.012500
0 0.380804 0.232986 0.003125 0.020139
0 0.376563 0.060417 0.006250 0.012500
0 0.397098 0.022222 0.008929 0.008333
0 0.528571 0.648958 0.004911 0.013194
0 0.309821 0.058681 0.005357 0.015972
0 0.314063 0.207292 0.004464 0.018750
0 0.577902 0.697917 0.005357 0.012500
0 0.325893 0.186458 0.004018 0.017361
0 0.628795 0.025000 0.003571 0.008333
0 0.606473 0.025000 0.003571 0.008333
0 0.331920 0.023264 0.004464 0.010417
0 0.150893 0.045833 0.004911 0.009722
0 0.329576 0.231944 0.004241 0.022222
0 0.532031 0.046875 0.003348 0.010417
0 0.349554 0.961806 0.004018 0.012500
0 0.387388 0.058681 0.002455 0.015972
0 0.374888 0.250347 0.002455 0.014583
0 0.337835 0.139931 0.002455 0.013194
0 0.358817 0.961111 0.004241 0.015278
0 0.380246 0.954514 0.004241 0.014583
0 0.361272 0.954167 0.004241 0.015278
0 0.301451 0.101389 0.004241 0.005556
0 0.401339 0.156250 0.005804 0.015278
0 0.145089 0.349653 0.003571 0.014583
0 0.145089 0.305903 0.003571 0.014583
0 0.377232 0.960764 0.004018 0.014583
0 0.139732 0.046875 0.004911 0.014583
0 0.059933 0.988194 0.004687 0.009722
0 0.631362 0.738194 0.004687 0.009722
0 0.361496 0.164931 0.002009 0.014583
0 0.378795 0.021528 0.004464 0.005556
0 0.532031 0.078819 0.002902 0.031250
0 0.535603 0.033681 0.003348 0.010417
0 0.276674 0.527778 0.003348 0.016667
0 0.321429 0.215972 0.004911 0.005556
0 0.092969 0.981250 0.004241 0.006944
0 0.664397 0.731250 0.004241 0.006944
0 0.392969 0.072917 0.004687 0.004167
0 0.401786 0.046181 0.001786 0.013194
0 0.333817 0.155903 0.004241 0.006250
0 0.375223 0.094444 0.003571 0.005556
0 0.382478 0.055903 0.003795 0.006250
0 0.337165 0.247222 0.004241 0.004167
0 0.339621 0.214236 0.003795 0.004861
0 0.042299 0.028819 0.004241 0.010417
0 0.327121 0.025694 0.003348 0.005556
0 0.483147 0.055903 0.002455 0.021528
0 0.363393 0.178472 0.002679 0.008333
0 0.304353 0.061111 0.004241 0.004167
0 0.385268 0.222222 0.003125 0.005556
0 0.146987 0.046875 0.001563 0.011806
0 0.072991 0.990278 0.002232 0.009722
0 0.347545 0.950347 0.002232 0.010417
0 0.644420 0.740278 0.002232 0.009722
