0 0.273438 0.086806 0.069196 0.119444
0 0.490625 0.463542 0.026339 0.031250
0 0.041741 0.090972 0.010714 0.033333
0 0.025000 0.438194 0.010714 0.033333
0 0.279911 0.121181 0.020536 0.042361
0 0.260826 0.167708 0.016295 0.038194
0 0.314955 0.175347 0.016964 0.047917
0 0.328795 0.097569 0.020982 0.034028
0 0.006696 0.090972 0.007143 0.033333
0 0.293304 0.151389 0.012054 0.009722
0 0.024777 0.164236 0.009375 0.020139
0 0.558705 0.517361 0.007143 0.019444
0 0.008147 0.151736 0.008705 0.015972
0 0.526674 0.128125 0.010045 0.021528
0 0.275670 0.195833 0.010714 0.009722
0 0.513058 0.101736 0.005134 0.034028
0 0.297433 0.027431 0.006920 0.018750
0 0.315737 0.059375 0.010491 0.014583
0 0.329353 0.137847 0.003795 0.025694
0 0.270424 0.027778 0.004241 0.019444
0 0.280246 0.159722 0.004241 0.016667
0 0.289286 0.029861 0.008036 0.008333
0 0.271763 0.226389 0.006920 0.011111
0 0.536830 0.960417 0.004018 0.012500
0 0.534598 0.106250 0.004018 0.012500
0 0.558929 0.047222 0.004018 0.012500
0 0.307924 0.133681 0.004687 0.020139
0 0.319754 0.122222 0.004687 0.018056
0 0.319643 0.232639 0.002679 0.020833
0 0.499442 0.080903 0.004687 0.022917
0 0.528571 0.648958 0.004911 0.013194
0 0.255022 0.223611 0.004687 0.019444
0 0.526897 0.096875 0.005134 0.020139
0 0.308371 0.024653 0.006473 0.007639
0 0.577902 0.697917 0.005357 0.012500
0 0.628795 0.025000 0.003571 0.008333
0 0.606473 0.025000 0.003571 0.008333
0 0.271094 0.244792 0.004241 0.021528
0 0.150893 0.045833 0.004911 0.009722
0 0.515737 0.068403 0.003795 0.020139
0 0.532031 0.046875 0.003348 0.010417
0 0.482143 0.062847 0.004464 0.035417
0 0.266964 0.198611 0.004018 0.015278
0 0.349554 0.961806 0.004018 0.012500
0 0.277679 0.149653 0.002679 0.013194
0 0.323549 0.058681 0.002455 0.015972
0 0.520312 0.065625 0.004018 0.014583
0 0.358817 0.961111 0.004241 0.015278
0 0.314621 0.251736 0.002009 0.014583
0 0.380246 0.954514 0.004241 0.014583
0 0.361272 0.954167 0.004241 0.015278
0 0.145089 0.305903 0.003571 0.014583
0 0.505022 0.157292 0.002009 0.017361
0 0.145089 0.349653 0.003571 0.014583
0 0.377232 0.960764 0.004018 0.014583
0 0.139732 0.046875 0.004911 0.014583
0 0.059933 0.988194 0.004687 0.009722
0 0.631362 0.738194 0.004687 0.009722
0 0.530804 0.109722 0.002679 0.011111
0 0.532031 0.078819 0.002902 0.031250
0 0.315067 0.021875 0.004241 0.006250
0 0.535603 0.033681 0.003348 0.010417
0 0.506808 0.064583 0.002455 0.013889
0 0.324888 0.220833 0.005134 0.005556
0 0.092969 0.981250 0.004241 0.006944
0 0.664397 0.731250 0.004241 0.006944
0 0.337612 0.150347 0.005134 0.011806
0 0.243415 0.075347 0.004687 0.004861
0 0.262835 0.231250 0.004687 0.005556
0 0.520312 0.092708 0.002232 0.014583
0 0.296652 0.049306 0.002232 0.011111
0 0.273996 0.166319 0.004241 0.006250
0 0.501451 0.150000 0.003795 0.005556
0 0.042299 0.028819 0.004241 0.010417
0 0.334598 0.023264 0.002232 0.010417
0 0.265737 0.034028 0.003348 0.005556
0 0.508147 0.170139 0.001563 0.012500
0 0.245424 0.147917 0.002455 0.013889
0 0.278571 0.259028 0.004018 0.004167
0 0.280915 0.224306 0.003795 0.005556
0 0.146987 0.046875 0.001563 0.011806
0 0.518973 0.103819 0.003125 0.006250
0 0.312723 0.095833 0.003125 0.005556
0 0.302790 0.181944 0.002455 0.008333
0 0.521429 0.151389 0.001339 0.016667
0 0.505022 0.125347 0.004241 0.004861
0 0.289174 0.091319 0.002009 0.007639
0 0.500112 0.127778 0.003348 0.008333
0 0.072991 0.990278 0.002232 0.009722
0 0.347545 0.950347 0.002232 0.010417
0 0.644420 0.740278 0.002232 0.009722
