0 0.414174 0.107639 0.062277 0.138889
0 0.146094 0.463889 0.022098 0.031944
0 0.041741 0.090972 0.010714 0.033333
0 0.025000 0.438194 0.010714 0.033333
0 0.440402 0.062847 0.018304 0.031250
0 0.468304 0.091667 0.016518 0.059722
0 0.465179 0.146875 0.025893 0.043750
0 0.447991 0.221528 0.017857 0.061111
0 0.457254 0.039236 0.018527 0.042361
0 0.223772 0.035764 0.021205 0.035417
0 0.396875 0.166319 0.014286 0.046528
0 0.412388 0.132292 0.013170 0.031250
0 0.006696 0.090972 0.007143 0.033333
0 0.453013 0.101389 0.011384 0.022222
0 0.420759 0.172917 0.012946 0.013889
0 0.024777 0.164236 0.009375 0.020139
0 0.558705 0.517361 0.007143 0.019444
0 0.407813 0.030208 0.006696 0.024306
0 0.008147 0.151736 0.008705 0.015972
0 0.442522 0.036458 0.008705 0.013194
0 0.200335 0.027778 0.006473 0.019444
0 0.464844 0.194097 0.004687 0.028472
0 0.225893 0.071875 0.005804 0.022917
0 0.430915 0.030208 0.003348 0.024306
0 0.455134 0.168750 0.004464 0.022222
0 0.408705 0.206597 0.008482 0.015972
0 0.426786 0.047569 0.008036 0.009028
0 0.442188 0.171181 0.004911 0.024306
0 0.451451 0.288889 0.003348 0.022222
0 0.405022 0.233681 0.006473 0.009028
0 0.212835 0.065625 0.009152 0.007639
0 0.536830 0.960417 0.004018 0.012500
0 0.534598 0.106250 0.004018 0.012500
0 0.558929 0.047222 0.004018 0.012500
0 0.528571 0.648958 0.004911 0.013194
0 0.436049 0.037500 0.004241 0.018056
0 0.577902 0.697917 0.005357 0.012500
0 0.140960 0.093056 0.011384 0.012500
0 0.474107 0.221181 0.005804 0.025694
0 0.628795 0.025000 0.003571 0.008333
0 0.606473 0.025000 0.003571 0.008333
0 0.445201 0.303819 0.002902 0.015972
0 0.150893 0.045833 0.004911 0.009722
0 0.482143 0.062847 0.004464 0.035417
0 0.532031 0.046875 0.003348 0.010417
0 0.207924 0.026042 0.007366 0.006250
0 0.349554 0.961806 0.004018 0.012500
0 0.401339 0.202431 0.003571 0.017361
0 0.403571 0.252431 0.003571 0.022917
0 0.390848 0.217708 0.003571 0.018750
0 0.412388 0.161806 0.002455 0.013889
0 0.358817 0.961111 0.004241 0.015278
0 0.380246 0.954514 0.004241 0.014583
0 0.361272 0.954167 0.004241 0.015278
0 0.145089 0.349653 0.003571 0.014583
0 0.457478 0.281597 0.005580 0.007639
0 0.145089 0.305903 0.003571 0.014583
0 0.453348 0.054514 0.004464 0.006250
0 0.377232 0.960764 0.004018 0.014583
0 0.234933 0.435069 0.002902 0.013194
0 0.139732 0.046875 0.004911 0.014583
0 0.454911 0.079514 0.006696 0.006250
0 0.059933 0.988194 0.004687 0.009722
0 0.631362 0.738194 0.004687 0.009722
0 0.532031 0.078819 0.002902 0.031250
0 0.433929 0.201736 0.001786 0.014583
0 0.535603 0.033681 0.003348 0.010417
0 0.381920 0.103819 0.003571 0.006250
0 0.228795 0.121875 0.002679 0.017361
0 0.092969 0.981250 0.004241 0.006944
0 0.664397 0.731250 0.004241 0.006944
0 0.470536 0.059722 0.005804 0.004167
0 0.228125 0.446528 0.004464 0.005556
0 0.448326 0.132986 0.003348 0.006250
0 0.396875 0.230903 0.004018 0.004861
0 0.042299 0.028819 0.004241 0.010417
0 0.435491 0.217361 0.002679 0.008333
0 0.408594 0.176042 0.003795 0.006250
0 0.410045 0.272917 0.003571 0.005556
0 0.421205 0.157639 0.002679 0.008333
0 0.208817 0.117014 0.003348 0.004861
0 0.146987 0.046875 0.001563 0.011806
0 0.424777 0.110417 0.001786 0.008333
0 0.405022 0.037500 0.002902 0.005556
0 0.492076 0.060417 0.002009 0.012500
0 0.072991 0.990278 0.002232 0.009722
0 0.347545 0.950347 0.002232 0.010417
0 0.644420 0.740278 0.002232 0.009722
