0 0.440067 0.097569 0.066295 0.117361
0 0.336496 0.669444 0.029241 0.048611
0 0.412835 0.128125 0.021205 0.081250
0 0.041741 0.090972 0.010714 0.033333
0 0.409933 0.051389 0.020313 0.033333
0 0.436830 0.139583 0.022321 0.044444
0 0.025000 0.438194 0.010714 0.033333
0 0.382812 0.114583 0.033482 0.047222
0 0.156362 0.076389 0.027455 0.045833
0 0.457254 0.186111 0.018973 0.041667
0 0.148438 0.136458 0.020089 0.079861
0 0.153237 0.036806 0.014063 0.036111
0 0.422433 0.174306 0.013170 0.012500
0 0.400112 0.198958 0.009598 0.045139
0 0.006696 0.090972 0.007143 0.033333
0 0.137612 0.079167 0.005134 0.023611
0 0.395313 0.081944 0.009821 0.023611
0 0.440402 0.249653 0.016071 0.010417
0 0.140625 0.043403 0.011161 0.021528
0 0.379241 0.058681 0.013393 0.015972
0 0.024777 0.164236 0.009375 0.020139
0 0.558705 0.517361 0.007143 0.019444
0 0.441071 0.218056 0.012946 0.011111
0 0.394196 0.023264 0.015625 0.010417
0 0.166741 0.126042 0.013839 0.035417
0 0.008147 0.151736 0.008705 0.015972
0 0.447098 0.033333 0.004911 0.030556
0 0.407813 0.023958 0.009375 0.011806
0 0.380692 0.086806 0.009598 0.012500
0 0.425446 0.042361 0.009375 0.009722
0 0.403460 0.157292 0.005580 0.024306
0 0.389397 0.145833 0.005580 0.019444
0 0.435045 0.179861 0.004911 0.016667
0 0.444978 0.272917 0.006027 0.030556
0 0.378460 0.162153 0.003348 0.025694
0 0.152009 0.102083 0.005357 0.019444
0 0.420982 0.026736 0.004018 0.017361
0 0.414844 0.028472 0.004687 0.018056
0 0.536830 0.960417 0.004018 0.012500
0 0.534598 0.106250 0.004018 0.012500
0 0.558929 0.047222 0.004018 0.012500
0 0.462054 0.023958 0.004464 0.011806
0 0.528571 0.648958 0.004911 0.013194
0 0.450112 0.220833 0.004687 0.018056
0 0.438170 0.169097 0.003125 0.014583
0 0.476228 0.119792 0.002902 0.025694
0 0.577902 0.697917 0.005357 0.012500
0 0.628795 0.025000 0.003571 0.008333
0 0.606473 0.025000 0.003571 0.008333
0 0.463393 0.244792 0.004018 0.020139
0 0.532031 0.046875 0.003348 0.010417
0 0.176563 0.040972 0.003571 0.027778
0 0.349554 0.961806 0.004018 0.012500
0 0.297321 0.440625 0.004018 0.014583
0 0.482143 0.062847 0.004464 0.035417
0 0.465737 0.104861 0.006027 0.005556
0 0.411607 0.193750 0.002232 0.016667
0 0.358817 0.961111 0.004241 0.015278
0 0.479911 0.130903 0.004911 0.006250
0 0.308817 0.446875 0.007366 0.006250
0 0.395089 0.283333 0.002232 0.013889
0 0.459263 0.103472 0.004687 0.006944
0 0.380246 0.954514 0.004241 0.014583
0 0.145089 0.305903 0.003571 0.014583
0 0.451674 0.025347 0.004241 0.009028
0 0.361272 0.954167 0.004241 0.015278
0 0.145089 0.349653 0.003571 0.014583
0 0.377232 0.960764 0.004018 0.014583
0 0.161830 0.201042 0.006250 0.006250
0 0.442857 0.187500 0.004911 0.006944
0 0.059933 0.988194 0.004687 0.009722
0 0.631362 0.738194 0.004687 0.009722
0 0.532031 0.078819 0.002902 0.031250
0 0.151897 0.225347 0.002009 0.013194
0 0.177455 0.092361 0.002679 0.018056
0 0.535603 0.033681 0.003348 0.010417
0 0.146429 0.022917 0.005804 0.005556
0 0.092969 0.981250 0.004241 0.006944
0 0.664397 0.731250 0.004241 0.006944
0 0.158482 0.054861 0.005357 0.004167
0 0.474888 0.163542 0.002902 0.013194
0 0.358594 0.124653 0.002009 0.018750
0 0.382701 0.252083 0.004687 0.005556
0 0.137054 0.020486 0.004018 0.004861
0 0.452679 0.044792 0.003571 0.004861
0 0.042299 0.028819 0.004241 0.010417
0 0.473438 0.278472 0.001786 0.009722
0 0.395871 0.166667 0.001563 0.011111
0 0.409821 0.207292 0.004018 0.007639
0 0.135714 0.139236 0.001339 0.014583
0 0.425558 0.108333 0.002009 0.008333
0 0.436830 0.285069 0.004018 0.003472
0 0.072991 0.990278 0.002232 0.009722
0 0.347545 0.950347 0.002232 0.010417
0 0.644420 0.740278 0.002232 0.009722
0 0.393750 0.059722 0.004464 0.005556
